#Mission Info

$Version: 0.10
$Name:  XSTR("Gamma Draconis", -1)
$Author: X3N0-Life-Form
$Created: 04/30/99 at 17:09:33
$Modified: 12/10/12 at 16:54:55
$Notes:
This is a FRED created mission
$End Notes:

$Mission Desc:
 XSTR("Intro cutscene", -1)
$end_multi_text
+Game Type Flags: 1
+Flags: 787592
+Fog Near Mult: 1.000000

+Fog Far Mult: 1.000000

+Disallow Support: 0
+Hull Repair Ceiling: 0.000000
+Subsystem Repair Ceiling: 100.000000

+Player Entry Delay:
1.000000

+Viewer pos: 3855.221191, 6870.924316, -4391.755371
+Viewer orient:
	0.049941, -0.000009, 0.998752,
	-0.972348, 0.228418, 0.048623,
	-0.228133, -0.973563, 0.011399


$AI Profile: myProfile

#Command Briefing

#Briefing
$start_briefing
$num_stages: 0
$end_briefing

#Debriefing_info

$Num stages: 0

#Alternate Types:
$Alt: Subspace Portal
$Alt: Unknown

#end


#Players		;! 1 total

$Starting Shipname: Alpha 1
$Ship Choices: (
)

+Weaponry Pool: (
	"Shivan Heavy Laser Up"	1
	"Shivan Anticap Laser"	1
	"Shivan LR Swarm"	40
	"Tempest Adv#Shivan"	800
)

#Objects		;! 41 total

$Name: Alpha 1		;! Object #0
$Class: SF Mara#
$Team: Friendly
$Location: 6901.898438, 774.900208, -4495.539063
$Orientation:
	0.792091, 0.000000, 0.610403,
	-0.143675, 0.971904, 0.186441,
	-0.593253, -0.235378, 0.769836
$AI Behavior: None
$Cargo 1:  XSTR("Nothing", 13)
+Initial Hull: 100
+Subsystem: Pilot
$Arrival Location: Hyperspace
$Arrival Cue: ( false ) 
$Departure Location: Hyperspace
$Departure Cue: ( false ) 
$Determination: 10
+Flags: ( "cargo-known" "protect-ship" "player-start" "invulnerable" )
+Flags2: ( )
+Respawn priority: 0
+Orders Accepted: 33023		;! note that this is a bitfield!!!
+Group: 0
+Use Table Score:
+Score: 12

$Name: Carthage		;! Object #1
$Class: GTD Orion
$Team: Friendly
$Location: -729.664917, 1889.853149, -2224.970703
$Orientation:
	0.886995, 0.000000, 0.461779,
	0.000000, 1.000000, 0.000000,
	-0.461779, 0.000000, 0.886995
$AI Behavior: None
+AI Class: Big
$Cargo 1:  XSTR("Nothing", 13)
+Initial Velocity: 33
+Initial Hull: 100
+Initial Shields: 100
+Subsystem: Pilot
+Subsystem: turret01a
+Subsystem: turret02a
+Primary Banks: ( "Standard Flak" "Terran Huge Turret" "Terran Huge Turret" )
+Subsystem: turret03a
+Primary Banks: ( "Standard Flak" "Terran Huge Turret" "Terran Huge Turret" )
+Subsystem: turret04a
+Primary Banks: ( "Standard Flak" "Terran Huge Turret" "Terran Huge Turret" )
+Subsystem: turret05a
+Primary Banks: ( "Standard Flak" "Terran Huge Turret" "Terran Huge Turret" )
+Subsystem: turret06
+Subsystem: turret07
+Subsystem: turret08
+Subsystem: turret09
+Subsystem: turret10
+Subsystem: turret11
+Primary Banks: ( "Green Beam" )
+Subsystem: turret12
+Primary Banks: ( "AAAf" )
+Subsystem: turret13
+Subsystem: turret14
+Subsystem: turret15
+Subsystem: turret16
$Arrival Location: Hyperspace
$Arrival Cue: ( true ) 
$Departure Location: Hyperspace
$Departure Cue: ( false ) 
$Determination: 10
+Flags: ( "cargo-known" "no-shields" "guardian" )
+Flags2: ( )
+Respawn priority: 0
+Orders Accepted: 0		;! note that this is a bitfield!!!
+Group: 0
+Use Table Score:
+Score: 1000

$Name: Dahshor		;! Object #2
$Class: GVCv Sobek
$Team: Friendly
$Location: -4301.064941, -241.765060, -268.728882
$Orientation:
	0.462486, 0.000000, -0.886628,
	0.432831, 0.872744, 0.225775,
	0.773799, -0.488177, 0.403632
$AI Behavior: None
+AI Class: Big
$Cargo 1:  XSTR("Nothing", 13)
+Initial Velocity: 33
+Initial Hull: 100
+Initial Shields: 100
+Subsystem: Pilot
+Subsystem: turret01
+Subsystem: turret02
+Subsystem: turret03
+Subsystem: turret04
+Subsystem: turret05
+Subsystem: turret06
+Subsystem: turret07
+Subsystem: turret08
+Subsystem: turret09
+Subsystem: turret10
+Subsystem: turret11
+Subsystem: turret12
+Subsystem: turret13
+Subsystem: turret14
+Subsystem: turret15
+Subsystem: turret16
+Subsystem: turret17
+Subsystem: turret18
+Subsystem: turret19
+Subsystem: turret20
+Subsystem: turret21
+Subsystem: turret22
$Arrival Location: Hyperspace
$Arrival Cue: ( true ) 
$Departure Location: Hyperspace
$Departure Cue: ( is-event-true-delay 
   "dahshor warps out" 
   0 
)
$Determination: 10
+Flags: ( "cargo-known" "no-shields" "guardian" )
+Flags2: ( )
+Respawn priority: 0
+Orders Accepted: 0		;! note that this is a bitfield!!!
+Group: 0
+Use Table Score:
+Score: 400

$Name: Subspace Portal		;! Object #3
$Class: Knossos
$Alt: Unknown

$Team: Friendly
$Location: -1614.278564, 0.000173, 963.520691
$Orientation:
	0.857709, 0.000000, -0.514136,
	0.000000, 1.000000, 0.000000,
	0.514136, 0.000000, 0.857709
$AI Behavior: None
$Cargo 1:  XSTR("Nothing", 13)
+Initial Velocity: 33
+Initial Hull: 100
+Initial Shields: 100
+Subsystem: Pilot
$Arrival Location: Hyperspace
$Arrival Cue: ( true ) 
$Departure Location: Hyperspace
$Departure Cue: ( false ) 
$Determination: 10
+Flags: ( "cargo-known" "protect-ship" "no-shields" "don't-collide-invisible" )
+Flags2: ( )
+Respawn priority: 0
+Group: 0
+Score: 1000

$Name: Fallen		;! Object #4
$Class: SC Cain
$Team: Hostile
$Location: -3004.155518, -215.028793, -226.239655
$Orientation:
	0.150225, 0.000000, 0.988652,
	0.235005, 0.971338, -0.035709,
	-0.960315, 0.237703, 0.145920
$AI Behavior: None
+AI Class: Big
$Cargo 1:  XSTR("Nothing", 13)
+Initial Velocity: 33
+Initial Hull: 100
+Subsystem: Pilot
+Subsystem: turret01
+Subsystem: turret02
+Subsystem: turret03
+Subsystem: turret04
+Subsystem: turret05
+Primary Banks: ( "Shivan Heavy Anticap Laser" )
+Subsystem: turret06
+Primary Banks: ( "Shivan Heavy Anticap Laser" )
+Subsystem: turret07
+Subsystem: turret08
+Subsystem: turret09
$Arrival Location: Hyperspace
$Arrival Cue: ( true ) 
$Departure Location: Hyperspace
$Departure Cue: ( false ) 
$Determination: 10
+Flags: ( "guardian" )
+Flags2: ( )
+Respawn priority: 0
+Orders Accepted: 0		;! note that this is a bitfield!!!
+Group: 0
+Use Table Score:
+Score: 150

$Name: Hadji		;! Object #5
$Class: SC Rakshasa
$Team: Hostile
$Location: -1510.332275, 824.338623, -754.925110
$Orientation:
	0.038916, -0.806967, -0.589314,
	-0.922144, 0.198160, -0.332240,
	0.384884, 0.556361, -0.736428
$AI Behavior: None
+AI Class: Big
$Cargo 1:  XSTR("Nothing", 13)
+Initial Velocity: 33
+Initial Hull: 100
+Subsystem: Pilot
+Subsystem: turret01
+Primary Banks: ( "Shivan Multi Turret" )
+Subsystem: turret02
+Subsystem: turret03
+Subsystem: turret04
+Primary Banks: ( "Shivan Multi Turret" )
+Subsystem: turret05
+Subsystem: turret06
+Subsystem: turret07
+Primary Banks: ( "Standard Flak" )
+Subsystem: turret08
+Primary Banks: ( "Standard Flak" )
+Subsystem: turret09
+Subsystem: turret10
+Primary Banks: ( "SAAA" )
+Subsystem: turret11
+Subsystem: turret12
+Subsystem: turret13
+Subsystem: turret14
$Arrival Location: Hyperspace
$Arrival Cue: ( true ) 
$Departure Location: Hyperspace
$Departure Cue: ( false ) 
$Determination: 10
+Flags: ( "guardian" )
+Flags2: ( )
+Respawn priority: 0
+Orders Accepted: 0		;! note that this is a bitfield!!!
+Group: 0
+Use Table Score:
+Score: 300

$Name: Cyaegha		;! Object #6
$Class: SCv Moloch
$Team: Hostile
$Location: -1614.000000, 0.000000, 963.000000
$Orientation:
	-0.807088, 0.000000, 0.590431,
	0.000000, 1.000000, 0.000000,
	-0.590431, 0.000000, -0.807088
$AI Behavior: None
+AI Class: Big
$AI Goals: ( goals ( ai-waypoints "Cyaegha path" 50 ) )
$Cargo 1:  XSTR("Nothing", 13)
+Initial Velocity: 33
+Initial Hull: 100
+Subsystem: Pilot
+Subsystem: turret01
+Primary Banks: ( "MRed" )
+Subsystem: turret02
+Primary Banks: ( "Suppression Flak" )
+Subsystem: turret03
+Primary Banks: ( "Shivan Multi Turret" )
+Subsystem: turret04
+Secondary Banks: ( "Piranha#Shivan" )
+Sbank Ammo: ( 0 )
+Subsystem: turret05
+Primary Banks: ( "MRed" )
+Subsystem: turret06
+Primary Banks: ( "MRed" )
+Subsystem: turret07
+Primary Banks: ( "Fast Flak" )
+Subsystem: turret08
+Primary Banks: ( "Fast Flak" )
+Subsystem: turret09
+Primary Banks: ( "Fast Flak" )
+Subsystem: turret10
+Primary Banks: ( "Shivan Multi Turret" )
+Subsystem: turret11
+Primary Banks: ( "Shivan Multi Turret" )
+Subsystem: turret12
+Primary Banks: ( "SAAA" )
+Subsystem: turret13
+Sbank Ammo: ( 0 )
+Subsystem: turret14
+Primary Banks: ( "SAAA" )
+Subsystem: turret15
+Primary Banks: ( "Shivan Multi Turret" )
+Subsystem: turret16
+Secondary Banks: ( "Piranha#Shivan" )
+Sbank Ammo: ( 0 )
$Arrival Location: Hyperspace
$Arrival Cue: ( is-event-true-delay 
   "cyaegha warps in" 
   0 
)
$Departure Location: Hyperspace
$Departure Cue: ( is-event-true-delay 
   "cyaegha warps out" 
   0 
)
$Determination: 10
+Flags: ( "guardian" "special-warp" )
+Flags2: ( )
+Respawn priority: 0
+Orders Accepted: 0		;! note that this is a bitfield!!!
+Group: 0
+Use Table Score:
+Score: 440
$Texture Replace:
+old: corvstile1
+new: corvstile1_cmd
+old: corvstile2
+new: corvstile2_cmd
+old: corvstile3
+new: corvstile3_cmd
+old: corvstile3-glow
+new: corvstile3_cmd-glow
+old: corvstile4
+new: corvstile4_cmd
+old: minertile2-glow
+new: minertile2_cmd-glow

$Name: Carthage Alpha 1		;! Object #7
$Class: GTF Hercules Mark II
$Team: Friendly
$Location: -547.567688, 1899.999756, -1536.799683
$Orientation:
	1.000000, 0.000000, 0.000000,
	0.000000, 1.000000, 0.000000,
	0.000000, 0.000000, 1.000000
$AI Behavior: None
$Cargo 1:  XSTR("Nothing", 13)
+Initial Velocity: 33
+Initial Hull: 100
+Subsystem: Pilot
$Arrival Location: Hyperspace
$Arrival Cue: ( false ) 
$Departure Location: Hyperspace
$Departure Cue: ( false ) 
$Determination: 10
+Flags: ( "cargo-known" )
+Flags2: ( )
+Respawn priority: 0
+Group: 0
+Use Table Score:
+Score: 12

$Name: Carthage Alpha 2		;! Object #8
$Class: GTF Hercules Mark II
$Team: Friendly
$Location: -415.333801, 1899.999756, -1534.407593
$Orientation:
	1.000000, 0.000000, 0.000000,
	0.000000, 1.000000, 0.000000,
	0.000000, 0.000000, 1.000000
$AI Behavior: None
$Cargo 1:  XSTR("Nothing", 13)
+Initial Velocity: 33
+Initial Hull: 100
+Subsystem: Pilot
$Arrival Location: Hyperspace
$Arrival Cue: ( false ) 
$Departure Location: Hyperspace
$Departure Cue: ( false ) 
$Determination: 10
+Flags: ( "cargo-known" )
+Flags2: ( )
+Respawn priority: 0
+Group: 0
+Use Table Score:
+Score: 12

$Name: Carthage Alpha 3		;! Object #9
$Class: GTF Hercules Mark II
$Team: Friendly
$Location: -461.124084, 1899.999634, -1625.184204
$Orientation:
	1.000000, 0.000000, 0.000000,
	0.000000, 1.000000, 0.000000,
	0.000000, 0.000000, 1.000000
$AI Behavior: None
$Cargo 1:  XSTR("Nothing", 13)
+Initial Velocity: 33
+Initial Hull: 100
+Subsystem: Pilot
$Arrival Location: Hyperspace
$Arrival Cue: ( false ) 
$Departure Location: Hyperspace
$Departure Cue: ( false ) 
$Determination: 10
+Flags: ( "cargo-known" )
+Flags2: ( )
+Respawn priority: 0
+Group: 0
+Use Table Score:
+Score: 12

$Name: Carthage Alpha 4		;! Object #10
$Class: GTF Hercules Mark II
$Team: Friendly
$Location: -572.676880, 1900.000122, -1623.689575
$Orientation:
	1.000000, 0.000000, 0.000000,
	0.000000, 1.000000, 0.000000,
	0.000000, 0.000000, 1.000000
$AI Behavior: None
$Cargo 1:  XSTR("Nothing", 13)
+Initial Velocity: 33
+Initial Hull: 100
+Subsystem: Pilot
$Arrival Location: Hyperspace
$Arrival Cue: ( false ) 
$Departure Location: Hyperspace
$Departure Cue: ( false ) 
$Determination: 10
+Flags: ( "cargo-known" )
+Flags2: ( )
+Respawn priority: 0
+Group: 0
+Use Table Score:
+Score: 12

$Name: Pharaoh Beta 1		;! Object #11
$Class: GVF Tauret
$Team: Friendly
$Location: -1350.000000, 1500.000000, -3250.000000
$Orientation:
	0.480124, 0.000000, 0.877200,
	0.000000, 1.000000, 0.000000,
	-0.877200, 0.000000, 0.480124
$AI Behavior: None
+AI Class: Cap_Killer
$Cargo 1:  XSTR("Nothing", 13)
+Initial Velocity: 33
+Initial Hull: 100
+Subsystem: Pilot
+Secondary Banks: ( "Trebuchet" "Hornet" )
$Arrival Location: Hyperspace
$Arrival Cue: ( false ) 
$Departure Location: Hyperspace
$Departure Cue: ( false ) 
$Determination: 10
+Flags: ( "cargo-known" )
+Flags2: ( )
+Respawn priority: 0
+Group: 0
+Use Table Score:
+Score: 10

$Name: Pharaoh Beta 2		;! Object #12
$Class: GVF Tauret
$Team: Friendly
$Location: -1283.435425, 1473.437744, -3145.024414
$Orientation:
	0.480124, -0.000000, 0.877200,
	0.000000, 1.000000, 0.000000,
	-0.877200, 0.000000, 0.480124
$AI Behavior: None
+AI Class: Cap_Killer
$Cargo 1:  XSTR("Nothing", 13)
+Initial Velocity: 33
+Initial Hull: 100
+Subsystem: Pilot
+Secondary Banks: ( "Trebuchet" "Hornet" )
$Arrival Location: Hyperspace
$Arrival Cue: ( false ) 
$Departure Location: Hyperspace
$Departure Cue: ( false ) 
$Determination: 10
+Flags: ( "cargo-known" )
+Flags2: ( )
+Respawn priority: 0
+Group: 0
+Use Table Score:
+Score: 10

$Name: Pharaoh Beta 3		;! Object #13
$Class: GVF Tauret
$Team: Friendly
$Location: -1319.357056, 1450.948975, -3201.601563
$Orientation:
	0.480124, -0.000000, 0.877200,
	0.000000, 1.000000, 0.000000,
	-0.877200, 0.000000, 0.480124
$AI Behavior: None
+AI Class: Cap_Killer
$Cargo 1:  XSTR("Nothing", 13)
+Initial Velocity: 33
+Initial Hull: 100
+Subsystem: Pilot
+Secondary Banks: ( "Trebuchet" "Hornet" )
$Arrival Location: Hyperspace
$Arrival Cue: ( false ) 
$Departure Location: Hyperspace
$Departure Cue: ( false ) 
$Determination: 10
+Flags: ( "cargo-known" )
+Flags2: ( )
+Respawn priority: 0
+Group: 0
+Use Table Score:
+Score: 10

$Name: Pharaoh Beta 4		;! Object #14
$Class: GVF Tauret
$Team: Friendly
$Location: -1323.223755, 1528.406494, -3211.142578
$Orientation:
	0.480124, -0.000000, 0.877200,
	0.000000, 1.000000, 0.000000,
	-0.877200, 0.000000, 0.480124
$AI Behavior: None
+AI Class: Cap_Killer
$Cargo 1:  XSTR("Nothing", 13)
+Initial Velocity: 33
+Initial Hull: 100
+Subsystem: Pilot
+Secondary Banks: ( "Trebuchet" "Hornet" )
$Arrival Location: Hyperspace
$Arrival Cue: ( false ) 
$Departure Location: Hyperspace
$Departure Cue: ( false ) 
$Determination: 10
+Flags: ( "cargo-known" )
+Flags2: ( )
+Respawn priority: 0
+Group: 0
+Use Table Score:
+Score: 10

$Name: Gemini 1		;! Object #15
$Class: SB Seraphim
$Team: Hostile
$Location: -3871.906738, -249.999603, 789.947083
$Orientation:
	-0.873521, 0.000000, 0.486787,
	0.000000, 1.000000, 0.000000,
	-0.486787, 0.000000, -0.873521
$AI Behavior: None
$Cargo 1:  XSTR("Nothing", 13)
+Initial Velocity: 33
+Initial Hull: 100
+Subsystem: Pilot
+Primary Banks: ( "Shivan Light Laser" "Shivan Heavy Anticap Laser" "Shivan Anticap Laser" )
+Secondary Banks: ( "Shivan Bomb" "Shivan Bomb" "Shivan Bomb" "Shivan Bomb" )
+Subsystem: turret01
+Subsystem: turret02
$Arrival Location: Hyperspace
$Arrival Cue: ( false ) 
$Departure Location: Hyperspace
$Departure Cue: ( false ) 
$Determination: 10
+Flags: ( )
+Flags2: ( )
+Respawn priority: 0
+Orders Accepted: 0		;! note that this is a bitfield!!!
+Group: 0
+Use Table Score:
+Score: 16

$Name: Gemini 2		;! Object #16
$Class: SB Seraphim
$Team: Hostile
$Location: -3804.707031, -249.999420, 745.594604
$Orientation:
	-0.873521, 0.000000, 0.486787,
	0.000000, 1.000000, 0.000000,
	-0.486787, 0.000000, -0.873521
$AI Behavior: None
$Cargo 1:  XSTR("Nothing", 13)
+Initial Velocity: 33
+Initial Hull: 100
+Subsystem: Pilot
+Primary Banks: ( "Shivan Light Laser" "Shivan Heavy Anticap Laser" "Shivan Anticap Laser" )
+Secondary Banks: ( "Shivan Bomb" "Shivan Bomb" "Shivan Bomb" "Shivan Bomb" )
+Subsystem: turret01
+Subsystem: turret02
$Arrival Location: Hyperspace
$Arrival Cue: ( false ) 
$Departure Location: Hyperspace
$Departure Cue: ( false ) 
$Determination: 10
+Flags: ( )
+Flags2: ( )
+Respawn priority: 0
+Orders Accepted: 0		;! note that this is a bitfield!!!
+Group: 0
+Use Table Score:
+Score: 16

$Name: Gemini 3		;! Object #17
$Class: SB Seraphim
$Team: Hostile
$Location: -4058.477539, -249.999603, 866.604187
$Orientation:
	-0.873521, 0.000000, 0.486787,
	0.000000, 1.000000, 0.000000,
	-0.486787, 0.000000, -0.873521
$AI Behavior: None
$Cargo 1:  XSTR("Nothing", 13)
+Initial Velocity: 33
+Initial Hull: 100
+Subsystem: Pilot
+Primary Banks: ( "Shivan Light Laser" "Shivan Heavy Anticap Laser" "Shivan Anticap Laser" )
+Secondary Banks: ( "Shivan Bomb" "Shivan Bomb" "Shivan Bomb" "Shivan Bomb" )
+Subsystem: turret01
+Subsystem: turret02
$Arrival Location: Hyperspace
$Arrival Cue: ( false ) 
$Departure Location: Hyperspace
$Departure Cue: ( false ) 
$Determination: 10
+Flags: ( )
+Flags2: ( )
+Respawn priority: 0
+Orders Accepted: 0		;! note that this is a bitfield!!!
+Group: 0
+Use Table Score:
+Score: 16

$Name: Gemini 4		;! Object #18
$Class: SB Seraphim
$Team: Hostile
$Location: -4216.576660, -249.999420, 796.125549
$Orientation:
	-0.873521, 0.000000, 0.486787,
	0.000000, 1.000000, 0.000000,
	-0.486787, 0.000000, -0.873521
$AI Behavior: None
$Cargo 1:  XSTR("Nothing", 13)
+Initial Velocity: 33
+Initial Hull: 100
+Subsystem: Pilot
+Primary Banks: ( "Shivan Light Laser" "Shivan Heavy Anticap Laser" "Shivan Anticap Laser" )
+Secondary Banks: ( "Shivan Bomb" "Shivan Bomb" "Shivan Bomb" "Shivan Bomb" )
+Subsystem: turret01
+Subsystem: turret02
$Arrival Location: Hyperspace
$Arrival Cue: ( false ) 
$Departure Location: Hyperspace
$Departure Cue: ( false ) 
$Determination: 10
+Flags: ( )
+Flags2: ( )
+Respawn priority: 0
+Orders Accepted: 0		;! note that this is a bitfield!!!
+Group: 0
+Use Table Score:
+Score: 16

$Name: Cyaegha Aquarius 1		;! Object #19
$Class: SB Seraphim
$Team: Hostile
$Location: -1664.417603, 350.000000, 985.356445
$Orientation:
	-0.789015, 0.000000, 0.614375,
	0.000000, 1.000000, 0.000000,
	-0.614375, 0.000000, -0.789015
$AI Behavior: None
+AI Class: Cap_Killer
$Cargo 1:  XSTR("Nothing", 13)
+Initial Velocity: 33
+Initial Hull: 100
+Subsystem: Pilot
+Primary Banks: ( "Shivan Light Laser" "Shivan Heavy Anticap Laser" "Shivan Scatter Gun" )
+Secondary Banks: ( "Trebuchet#Shivan" "Shivan Swarmer Bomb" "Shivan Bomb" "Shivan Bomb" )
+Subsystem: turret01
+Subsystem: turret02
$Arrival Location: Hyperspace
$Arrival Cue: ( false ) 
$Departure Location: Hyperspace
$Departure Cue: ( false ) 
$Determination: 10
+Flags: ( "special-warp" )
+Flags2: ( )
+Respawn priority: 0
+Orders Accepted: 0		;! note that this is a bitfield!!!
+Group: 0
+Use Table Score:
+Score: 16

$Name: Cyaegha Aquarius 2		;! Object #20
$Class: SB Seraphim
$Team: Hostile
$Location: -1628.911255, 300.000000, 957.708435
$Orientation:
	-0.789015, 0.000000, 0.614374,
	0.000000, 1.000000, 0.000000,
	-0.614374, 0.000000, -0.789015
$AI Behavior: None
+AI Class: Cap_Killer
$Cargo 1:  XSTR("Nothing", 13)
+Initial Velocity: 33
+Initial Hull: 100
+Subsystem: Pilot
+Primary Banks: ( "Shivan Light Laser" "Shivan Heavy Anticap Laser" "Shivan Scatter Gun" )
+Secondary Banks: ( "Trebuchet#Shivan" "Shivan Swarmer Bomb" "Shivan Bomb" "Shivan Bomb" )
+Subsystem: turret01
+Subsystem: turret02
$Arrival Location: Hyperspace
$Arrival Cue: ( false ) 
$Departure Location: Hyperspace
$Departure Cue: ( false ) 
$Determination: 10
+Flags: ( "special-warp" )
+Flags2: ( )
+Respawn priority: 0
+Orders Accepted: 0		;! note that this is a bitfield!!!
+Group: 0
+Use Table Score:
+Score: 16

$Name: Cyaegha Aquarius 3		;! Object #21
$Class: SB Seraphim
$Team: Hostile
$Location: -1593.404175, 350.000000, 930.061279
$Orientation:
	-0.789015, 0.000000, 0.614374,
	0.000000, 1.000000, 0.000000,
	-0.614374, 0.000000, -0.789015
$AI Behavior: None
+AI Class: Cap_Killer
$Cargo 1:  XSTR("Nothing", 13)
+Initial Velocity: 33
+Initial Hull: 100
+Subsystem: Pilot
+Primary Banks: ( "Shivan Light Laser" "Shivan Heavy Anticap Laser" "Shivan Scatter Gun" )
+Secondary Banks: ( "Trebuchet#Shivan" "Shivan Swarmer Bomb" "Shivan Bomb" "Shivan Bomb" )
+Subsystem: turret01
+Subsystem: turret02
$Arrival Location: Hyperspace
$Arrival Cue: ( false ) 
$Departure Location: Hyperspace
$Departure Cue: ( false ) 
$Determination: 10
+Flags: ( "special-warp" )
+Flags2: ( )
+Respawn priority: 0
+Orders Accepted: 0		;! note that this is a bitfield!!!
+Group: 0
+Use Table Score:
+Score: 16

$Name: Cyaegha Aquarius 4		;! Object #22
$Class: SB Seraphim
$Team: Hostile
$Location: -1628.911255, 399.999634, 957.708435
$Orientation:
	-0.789015, 0.000000, 0.614374,
	0.000000, 1.000000, 0.000000,
	-0.614374, 0.000000, -0.789015
$AI Behavior: None
+AI Class: Cap_Killer
$Cargo 1:  XSTR("Nothing", 13)
+Initial Velocity: 33
+Initial Hull: 100
+Subsystem: Pilot
+Primary Banks: ( "Shivan Light Laser" "Shivan Heavy Anticap Laser" "Shivan Scatter Gun" )
+Secondary Banks: ( "Trebuchet#Shivan" "Shivan Swarmer Bomb" "Shivan Bomb" "Shivan Bomb" )
+Subsystem: turret01
+Subsystem: turret02
$Arrival Location: Hyperspace
$Arrival Cue: ( false ) 
$Departure Location: Hyperspace
$Departure Cue: ( false ) 
$Determination: 10
+Flags: ( "special-warp" )
+Flags2: ( )
+Respawn priority: 0
+Orders Accepted: 0		;! note that this is a bitfield!!!
+Group: 0
+Use Table Score:
+Score: 16

$Name: Cyaegha Virgo 1		;! Object #23
$Class: SF Mara
$Team: Hostile
$Location: -1348.999390, -0.000035, 772.783936
$Orientation:
	-0.863612, 0.000000, 0.504159,
	0.000000, 1.000000, 0.000000,
	-0.504159, 0.000000, -0.863612
$AI Behavior: None
+AI Class: Colonel
$Cargo 1:  XSTR("Nothing", 13)
+Initial Velocity: 33
+Initial Hull: 100
+Subsystem: Pilot
+Secondary Banks: ( "Tempest#Shivan" "Hornet#Shivan" )
$Arrival Location: Hyperspace
$Arrival Cue: ( false ) 
$Departure Location: Hyperspace
$Departure Cue: ( false ) 
$Determination: 10
+Flags: ( "special-warp" )
+Flags2: ( )
+Respawn priority: 0
+Orders Accepted: 0		;! note that this is a bitfield!!!
+Group: 0
+Use Table Score:
+Score: 12

$Name: Cyaegha Virgo 2		;! Object #24
$Class: SF Mara
$Team: Hostile
$Location: -1369.729370, -12.000041, 784.885986
$Orientation:
	-0.863611, 0.000000, 0.504158,
	0.000000, 1.000000, 0.000000,
	-0.504158, 0.000000, -0.863611
$AI Behavior: None
+AI Class: Colonel
$Cargo 1:  XSTR("Nothing", 13)
+Initial Velocity: 33
+Initial Hull: 100
+Subsystem: Pilot
+Secondary Banks: ( "Tempest#Shivan" "Hornet#Shivan" )
$Arrival Location: Hyperspace
$Arrival Cue: ( false ) 
$Departure Location: Hyperspace
$Departure Cue: ( false ) 
$Determination: 10
+Flags: ( "special-warp" )
+Flags2: ( )
+Respawn priority: 0
+Orders Accepted: 0		;! note that this is a bitfield!!!
+Group: 0
+Use Table Score:
+Score: 12

$Name: Cyaegha Virgo 3		;! Object #25
$Class: SF Mara
$Team: Hostile
$Location: -1369.729370, 11.999959, 784.885986
$Orientation:
	-0.863611, 0.000000, 0.504158,
	0.000000, 1.000000, 0.000000,
	-0.504158, 0.000000, -0.863611
$AI Behavior: None
+AI Class: Colonel
$Cargo 1:  XSTR("Nothing", 13)
+Initial Velocity: 33
+Initial Hull: 100
+Subsystem: Pilot
+Secondary Banks: ( "Tempest#Shivan" "Hornet#Shivan" )
$Arrival Location: Hyperspace
$Arrival Cue: ( false ) 
$Departure Location: Hyperspace
$Departure Cue: ( false ) 
$Determination: 10
+Flags: ( "special-warp" )
+Flags2: ( )
+Respawn priority: 0
+Orders Accepted: 0		;! note that this is a bitfield!!!
+Group: 0
+Use Table Score:
+Score: 12

$Name: Cyaegha Virgo 4		;! Object #26
$Class: SF Mara
$Team: Hostile
$Location: -1383.550049, -0.000035, 792.953186
$Orientation:
	-0.863611, 0.000000, 0.504158,
	0.000000, 1.000000, 0.000000,
	-0.504158, 0.000000, -0.863611
$AI Behavior: None
+AI Class: Colonel
$Cargo 1:  XSTR("Nothing", 13)
+Initial Velocity: 33
+Initial Hull: 100
+Subsystem: Pilot
+Secondary Banks: ( "Tempest#Shivan" "Hornet#Shivan" )
$Arrival Location: Hyperspace
$Arrival Cue: ( false ) 
$Departure Location: Hyperspace
$Departure Cue: ( false ) 
$Determination: 10
+Flags: ( "special-warp" )
+Flags2: ( )
+Respawn priority: 0
+Orders Accepted: 0		;! note that this is a bitfield!!!
+Group: 0
+Use Table Score:
+Score: 12

$Name: Cyaegha Gemini 1		;! Object #27
$Class: SB Nahema
$Team: Hostile
$Location: -1811.433838, -0.000035, 1080.460083
$Orientation:
	-0.666276, 0.000000, 0.745706,
	0.000000, 1.000000, 0.000000,
	-0.745706, 0.000000, -0.666276
$AI Behavior: None
+AI Class: Cap_Killer
$Cargo 1:  XSTR("Nothing", 13)
+Initial Velocity: 33
+Initial Hull: 100
+Subsystem: Pilot
+Secondary Banks: ( "Shivan Swarmer Bomb" "Shivan Bomb" "Piranha#Shivan" )
$Arrival Location: Hyperspace
$Arrival Cue: ( false ) 
$Departure Location: Hyperspace
$Departure Cue: ( false ) 
$Determination: 10
+Flags: ( "special-warp" )
+Flags2: ( )
+Respawn priority: 0
+Orders Accepted: 0		;! note that this is a bitfield!!!
+Group: 0
+Use Table Score:
+Score: 14

$Name: Cyaegha Gemini 2		;! Object #28
$Class: SB Nahema
$Team: Hostile
$Location: -1798.107300, -25.000021, 1065.544800
$Orientation:
	-0.666276, 0.000000, 0.745705,
	0.000000, 1.000000, 0.000000,
	-0.745705, 0.000000, -0.666276
$AI Behavior: None
+AI Class: Cap_Killer
$Cargo 1:  XSTR("Nothing", 13)
+Initial Velocity: 33
+Initial Hull: 100
+Subsystem: Pilot
+Secondary Banks: ( "Shivan Swarmer Bomb" "Shivan Bomb" "Piranha#Shivan" )
$Arrival Location: Hyperspace
$Arrival Cue: ( false ) 
$Departure Location: Hyperspace
$Departure Cue: ( false ) 
$Determination: 10
+Flags: ( "special-warp" )
+Flags2: ( )
+Respawn priority: 0
+Orders Accepted: 0		;! note that this is a bitfield!!!
+Group: 0
+Use Table Score:
+Score: 14

$Name: Cyaegha Gemini 3		;! Object #29
$Class: SB Nahema
$Team: Hostile
$Location: -1798.107300, 24.999979, 1065.544800
$Orientation:
	-0.666276, 0.000000, 0.745705,
	0.000000, 1.000000, 0.000000,
	-0.745705, 0.000000, -0.666276
$AI Behavior: None
+AI Class: Cap_Killer
$Cargo 1:  XSTR("Nothing", 13)
+Initial Velocity: 33
+Initial Hull: 100
+Subsystem: Pilot
+Secondary Banks: ( "Shivan Swarmer Bomb" "Shivan Bomb" "Piranha#Shivan" )
$Arrival Location: Hyperspace
$Arrival Cue: ( false ) 
$Departure Location: Hyperspace
$Departure Cue: ( false ) 
$Determination: 10
+Flags: ( "special-warp" )
+Flags2: ( )
+Respawn priority: 0
+Orders Accepted: 0		;! note that this is a bitfield!!!
+Group: 0
+Use Table Score:
+Score: 14

$Name: Cyaegha Gemini 4		;! Object #30
$Class: SB Nahema
$Team: Hostile
$Location: -1784.780762, -0.000035, 1050.630615
$Orientation:
	-0.666276, 0.000000, 0.745705,
	0.000000, 1.000000, 0.000000,
	-0.745705, 0.000000, -0.666276
$AI Behavior: None
+AI Class: Cap_Killer
$Cargo 1:  XSTR("Nothing", 13)
+Initial Velocity: 33
+Initial Hull: 100
+Subsystem: Pilot
+Secondary Banks: ( "Shivan Swarmer Bomb" "Shivan Bomb" "Piranha#Shivan" )
$Arrival Location: Hyperspace
$Arrival Cue: ( false ) 
$Departure Location: Hyperspace
$Departure Cue: ( false ) 
$Determination: 10
+Flags: ( "special-warp" )
+Flags2: ( )
+Respawn priority: 0
+Orders Accepted: 0		;! note that this is a bitfield!!!
+Group: 0
+Use Table Score:
+Score: 14

$Name: Searing Fate		;! Object #31
$Class: GVC Mentu Enforcer
$Team: Friendly
$Location: -689.317810, 1652.443237, -4035.377441
$Orientation:
	0.462485, -0.886627, 0.000000,
	0.654746, 0.341531, 0.674288,
	-0.597842, -0.311848, 0.738469
$AI Behavior: None
+AI Class: Big
$AI Goals: ( goals ( ai-waypoints-once "viewpoint 05" 50 ) )
$Cargo 1:  XSTR("Nothing", 13)
+Initial Velocity: 33
+Initial Hull: 100
+Subsystem: Pilot
+Subsystem: Turret01
+Subsystem: Turret02
+Subsystem: Turret03
+Subsystem: Turret04
+Subsystem: Turret05
+Subsystem: Turret06
+Subsystem: Turret07
+Subsystem: Turret08
+Subsystem: Turret09
+Subsystem: Turret10
+Subsystem: Turret11
+Subsystem: Turret12
+Subsystem: Turret13
+Subsystem: Turret14
+Subsystem: Turret15
+Subsystem: Turret16
+Subsystem: Turret17
$Arrival Location: Hyperspace
$Arrival Cue: ( has-arrived-delay 5 "Apep" ) 
$Departure Location: Hyperspace
$Departure Cue: ( false ) 
$Determination: 10
+Flags: ( "cargo-known" "guardian" )
+Flags2: ( )
+Respawn priority: 0
+Orders Accepted: 1		;! note that this is a bitfield!!!
+Group: 0
+Use Table Score:
+Score: 100

$Name: Apep		;! Object #32
$Class: GVD Hatshepsut
$Team: Friendly
$Location: 1917.197876, 3533.645264, -5346.170898
$Orientation:
	0.425674, -0.757843, 0.494445,
	0.494445, 0.652438, 0.574325,
	-0.757843, 0.000000, 0.652438
$AI Behavior: None
+AI Class: Big
$Cargo 1:  XSTR("Nothing", 13)
+Initial Velocity: 33
+Initial Hull: 100
+Subsystem: Pilot
+Subsystem: turret01
+Subsystem: turret02
+Subsystem: turret03
+Subsystem: turret04
+Subsystem: turret05
+Secondary Banks: ( "Vasudan Torpedo" )
+Sbank Ammo: ( 0 )
+Subsystem: turret06
+Secondary Banks: ( "Vasudan Torpedo" )
+Sbank Ammo: ( 0 )
+Subsystem: turret07
+Secondary Banks: ( "Vasudan Torpedo" )
+Sbank Ammo: ( 0 )
+Subsystem: turret08
+Secondary Banks: ( "Vasudan Torpedo" )
+Sbank Ammo: ( 0 )
+Subsystem: turret09
+Secondary Banks: ( "Vasudan Torpedo" )
+Sbank Ammo: ( 0 )
+Subsystem: turret10
+Secondary Banks: ( "Vasudan Torpedo" )
+Sbank Ammo: ( 0 )
+Subsystem: turret11
+Subsystem: turret12
+Primary Banks: ( "Wraith" )
+Subsystem: turret13
+Subsystem: turret14
+Subsystem: turret15
+Subsystem: turret16
+Subsystem: turret17
+Subsystem: turret18
+Primary Banks: ( "Wraith" )
+Subsystem: turret19
+Primary Banks: ( "Wraith" )
+Subsystem: turret20
+Subsystem: turret21
+Subsystem: turret22
+Primary Banks: ( "Wraith" )
+Subsystem: turret23
+Subsystem: turret24
+Subsystem: turret25
+Subsystem: turret26
+Subsystem: turret27
+Subsystem: turret28
+Primary Banks: ( "Wraith" )
+Subsystem: turret29
+Primary Banks: ( "Wraith" )
+Subsystem: turret30
$Arrival Location: Hyperspace
$Arrival Cue: ( is-event-true-delay 
   "cyaegha counter fires" 
   7 
)
$Departure Location: Hyperspace
$Departure Cue: ( false ) 
$Determination: 10
+Flags: ( "cargo-known" )
+Flags2: ( )
+Respawn priority: 0
+Orders Accepted: 0		;! note that this is a bitfield!!!
+Group: 0
+Use Table Score:
+Score: 1400

$Name: Crixalis		;! Object #33
$Class: GVC Aten
$Team: Friendly
$Location: -655.361816, -0.037238, -1923.347412
$Orientation:
	-0.023713, 0.730676, 0.682312,
	-0.761627, 0.428898, -0.485768,
	-0.647582, -0.531186, 0.546333
$AI Behavior: None
+AI Class: Big
$Cargo 1:  XSTR("Nothing", 13)
+Initial Velocity: 33
+Initial Hull: 100
+Subsystem: Pilot
+Subsystem: turret01a
+Primary Banks: ( "Long Range Flak" )
+Subsystem: turret02a
+Primary Banks: ( "Long Range Flak" )
+Subsystem: turret03
+Primary Banks: ( "Wraith" )
+Subsystem: turret04
+Primary Banks: ( "Wraith" )
+Subsystem: turret05
+Primary Banks: ( "AAAf" )
+Subsystem: turret06
+Primary Banks: ( "AAAf" )
$Arrival Location: Hyperspace
$Arrival Cue: ( has-arrived-delay 2 "Apep" ) 
$Departure Location: Hyperspace
$Departure Cue: ( false ) 
$Determination: 10
+Flags: ( "cargo-known" "guardian" )
+Flags2: ( )
+Respawn priority: 0
+Orders Accepted: 1		;! note that this is a bitfield!!!
+Group: 0
+Use Table Score:
+Score: 90

$Name: Stone of Dovka		;! Object #34
$Class: GVC Hemsut
$Team: Friendly
$Location: -3115.594727, -0.037252, -3065.500977
$Orientation:
	0.597834, 0.801620, 0.000000,
	-0.764186, 0.569916, -0.302023,
	-0.242108, 0.180561, 0.953301
$AI Behavior: None
+AI Class: Big
$Cargo 1:  XSTR("Nothing", 13)
+Initial Velocity: 33
+Initial Hull: 100
+Subsystem: Pilot
+Subsystem: Turret01
+Sbank Ammo: ( 0 )
+Subsystem: Turret02
+Sbank Ammo: ( 0 )
+Subsystem: Turret03
+Subsystem: Turret04
+Subsystem: Turret05
+Subsystem: Turret06
$Arrival Location: Hyperspace
$Arrival Cue: ( has-arrived-delay 2 "Apep" ) 
$Departure Location: Hyperspace
$Departure Cue: ( false ) 
$Determination: 10
+Flags: ( "cargo-known" "guardian" )
+Flags2: ( )
+Respawn priority: 0
+Orders Accepted: 1		;! note that this is a bitfield!!!
+Group: 0
+Use Table Score:
+Score: 75

$Name: Apep Alpha 1		;! Object #35
$Class: GVF Serapis
$Team: Friendly
$Location: 971.792114, -0.001173, -4536.052246
$Orientation:
	1.000000, 0.000000, 0.000000,
	0.000000, 1.000000, 0.000000,
	0.000000, 0.000000, 1.000000
$AI Behavior: None
+AI Class: General
$Cargo 1:  XSTR("Nothing", 13)
+Initial Velocity: 33
+Initial Hull: 100
+Subsystem: Pilot
+Primary Banks: ( "Mekhu HL-7" "Mekhu HL-7" )
+Secondary Banks: ( "Tempest" "Tempest" )
$Arrival Location: Hyperspace
$Arrival Cue: ( false ) 
$Departure Location: Hyperspace
$Departure Cue: ( false ) 
$Determination: 10
+Flags: ( "cargo-known" )
+Flags2: ( )
+Respawn priority: 0
+Group: 0
+Use Table Score:
+Score: 12

$Name: Apep Alpha 2		;! Object #36
$Class: GVF Serapis
$Team: Friendly
$Location: 1030.579834, -0.001005, -4514.483398
$Orientation:
	1.000000, 0.000000, 0.000000,
	0.000000, 1.000000, 0.000000,
	0.000000, 0.000000, 1.000000
$AI Behavior: None
+AI Class: General
$Cargo 1:  XSTR("Nothing", 13)
+Initial Velocity: 33
+Initial Hull: 100
+Subsystem: Pilot
+Primary Banks: ( "Mekhu HL-7" "Mekhu HL-7" )
+Secondary Banks: ( "Tempest" "Tempest" )
$Arrival Location: Hyperspace
$Arrival Cue: ( false ) 
$Departure Location: Hyperspace
$Departure Cue: ( false ) 
$Determination: 10
+Flags: ( "cargo-known" )
+Flags2: ( )
+Respawn priority: 0
+Group: 0
+Use Table Score:
+Score: 12

$Name: Apep Alpha 3		;! Object #37
$Class: GVF Serapis
$Team: Friendly
$Location: 1058.300415, -0.000762, -4599.494141
$Orientation:
	1.000000, 0.000000, 0.000000,
	0.000000, 1.000000, 0.000000,
	0.000000, 0.000000, 1.000000
$AI Behavior: None
+AI Class: General
$Cargo 1:  XSTR("Nothing", 13)
+Initial Velocity: 33
+Initial Hull: 100
+Subsystem: Pilot
+Primary Banks: ( "Mekhu HL-7" "Mekhu HL-7" )
+Secondary Banks: ( "Tempest" "Tempest" )
$Arrival Location: Hyperspace
$Arrival Cue: ( false ) 
$Departure Location: Hyperspace
$Departure Cue: ( false ) 
$Determination: 10
+Flags: ( "cargo-known" )
+Flags2: ( )
+Respawn priority: 0
+Group: 0
+Use Table Score:
+Score: 12

$Name: Apep Beta 1		;! Object #38
$Class: GVF Serapis
$Team: Friendly
$Location: 1196.601929, -0.000963, -4885.041016
$Orientation:
	1.000000, 0.000000, 0.000000,
	0.000000, 1.000000, 0.000000,
	0.000000, 0.000000, 1.000000
$AI Behavior: None
+AI Class: General
$Cargo 1:  XSTR("Nothing", 13)
+Initial Velocity: 33
+Initial Hull: 100
+Subsystem: Pilot
+Primary Banks: ( "Mekhu HL-7" "Mekhu HL-7" )
+Secondary Banks: ( "Tempest" "Tempest" )
$Arrival Location: Hyperspace
$Arrival Cue: ( false ) 
$Departure Location: Hyperspace
$Departure Cue: ( false ) 
$Determination: 10
+Flags: ( "cargo-known" )
+Flags2: ( )
+Respawn priority: 0
+Group: 0
+Use Table Score:
+Score: 12

$Name: Apep Beta 2		;! Object #39
$Class: GVF Serapis
$Team: Friendly
$Location: 1243.438477, -0.000813, -4832.919434
$Orientation:
	1.000000, 0.000000, 0.000000,
	0.000000, 1.000000, 0.000000,
	0.000000, 0.000000, 1.000000
$AI Behavior: None
+AI Class: General
$Cargo 1:  XSTR("Nothing", 13)
+Initial Velocity: 33
+Initial Hull: 100
+Subsystem: Pilot
+Primary Banks: ( "Mekhu HL-7" "Mekhu HL-7" )
+Secondary Banks: ( "Tempest" "Tempest" )
$Arrival Location: Hyperspace
$Arrival Cue: ( false ) 
$Departure Location: Hyperspace
$Departure Cue: ( false ) 
$Determination: 10
+Flags: ( "cargo-known" )
+Flags2: ( )
+Respawn priority: 0
+Group: 0
+Use Table Score:
+Score: 12

$Name: Apep Beta 3		;! Object #40
$Class: GVF Serapis
$Team: Friendly
$Location: 1227.268066, -0.001124, -4903.827637
$Orientation:
	1.000000, 0.000000, 0.000000,
	0.000000, 1.000000, 0.000000,
	0.000000, 0.000000, 1.000000
$AI Behavior: None
+AI Class: General
$Cargo 1:  XSTR("Nothing", 13)
+Initial Velocity: 33
+Initial Hull: 100
+Subsystem: Pilot
+Primary Banks: ( "Mekhu HL-7" "Mekhu HL-7" )
+Secondary Banks: ( "Tempest" "Tempest" )
$Arrival Location: Hyperspace
$Arrival Cue: ( false ) 
$Departure Location: Hyperspace
$Departure Cue: ( false ) 
$Determination: 10
+Flags: ( "cargo-known" )
+Flags2: ( )
+Respawn priority: 0
+Group: 0
+Use Table Score:
+Score: 12

#Wings		;! 9 total

$Name: Alpha
$Waves: 1
$Wave Threshold: 0
$Special Ship: 0		;! Alpha 1

$Arrival Location: Hyperspace
$Arrival Cue: ( true ) 
$Departure Location: Hyperspace
$Departure Cue: ( false ) 
$Ships: (		;! 1 total
	"Alpha 1"
)
+Hotkey: 0
+Flags: ( )

$Name: Carthage Alpha
$Waves: 1
$Wave Threshold: 0
$Special Ship: 0		;! Carthage Alpha 1

$Arrival Location: Hyperspace
$Arrival Cue: ( true ) 
$Departure Location: Hyperspace
$Departure Cue: ( false ) 
$Ships: (		;! 4 total
	"Carthage Alpha 1"
	"Carthage Alpha 2"
	"Carthage Alpha 3"
	"Carthage Alpha 4"
)
$AI Goals: ( goals ( ai-chase "Hadji" 50 ) ( ai-chase "Cyaegha" 48 ) )
+Flags: ( )

$Name: Pharaoh Beta
$Waves: 1
$Wave Threshold: 0
$Special Ship: 0		;! Pharaoh Beta 1

$Arrival Location: Hyperspace
$Arrival Cue: ( is-event-true-delay 
   "go to viewpoint 03" 
   2 
)
$Departure Location: Hyperspace
$Departure Cue: ( false ) 
$Ships: (		;! 4 total
	"Pharaoh Beta 1"
	"Pharaoh Beta 2"
	"Pharaoh Beta 3"
	"Pharaoh Beta 4"
)
$AI Goals: ( goals ( ai-chase "Hadji" 50 ) ( ai-chase "Cyaegha" 48 ) ( ai-chase-wing "Gemini" 49 ) )
+Flags: ( )

$Name: Gemini
$Waves: 1
$Wave Threshold: 0
$Special Ship: 0		;! Gemini 1

$Arrival Location: Hyperspace
$Arrival Cue: ( true ) 
$Departure Location: Hyperspace
$Departure Cue: ( false ) 
$Ships: (		;! 4 total
	"Gemini 1"
	"Gemini 2"
	"Gemini 3"
	"Gemini 4"
)
$AI Goals: ( goals ( ai-chase "Dahshor" 50 ) )
+Flags: ( )

$Name: Cyaegha Gemini
$Waves: 1
$Wave Threshold: 0
$Special Ship: 0		;! Cyaegha Gemini 1

$Arrival Location: Hyperspace
$Arrival Cue: ( has-arrived-delay 0 "Cyaegha" ) 
$Departure Location: Hyperspace
$Departure Cue: ( false ) 
$Ships: (		;! 4 total
	"Cyaegha Gemini 1"
	"Cyaegha Gemini 2"
	"Cyaegha Gemini 3"
	"Cyaegha Gemini 4"
)
$AI Goals: ( goals ( ai-chase "Dahshor" 50 ) ( ai-chase "Carthage" 48 ) )
+Flags: ( )

$Name: Cyaegha Aquarius
$Waves: 1
$Wave Threshold: 0
$Special Ship: 0		;! Cyaegha Aquarius 1

$Arrival Location: Hyperspace
$Arrival Cue: ( has-arrived-delay 0 "Cyaegha" ) 
$Departure Location: Hyperspace
$Departure Cue: ( false ) 
$Ships: (		;! 4 total
	"Cyaegha Aquarius 1"
	"Cyaegha Aquarius 2"
	"Cyaegha Aquarius 3"
	"Cyaegha Aquarius 4"
)
$AI Goals: ( goals ( ai-chase "Carthage" 50 ) )
+Flags: ( )

$Name: Cyaegha Virgo
$Waves: 1
$Wave Threshold: 0
$Special Ship: 0		;! Cyaegha Virgo 1

$Arrival Location: Hyperspace
$Arrival Cue: ( has-arrived-delay 0 "Cyaegha" ) 
$Departure Location: Hyperspace
$Departure Cue: ( false ) 
$Ships: (		;! 4 total
	"Cyaegha Virgo 1"
	"Cyaegha Virgo 2"
	"Cyaegha Virgo 3"
	"Cyaegha Virgo 4"
)
$AI Goals: ( goals ( ai-chase-any 50 ) )
+Flags: ( )

$Name: Apep Alpha
$Waves: 1
$Wave Threshold: 0
$Special Ship: 0		;! Apep Alpha 1

$Arrival Location: Docking Bay
+Arrival Distance: 0
$Arrival Anchor: Apep
$Arrival Cue: ( is-event-true-delay 
   "cut to viewpoint 07" 
   2 
)
$Departure Location: Hyperspace
$Departure Cue: ( false ) 
$Ships: (		;! 3 total
	"Apep Alpha 1"
	"Apep Alpha 2"
	"Apep Alpha 3"
)
$AI Goals: ( goals ( ai-chase-any 50 ) )
+Flags: ( )

$Name: Apep Beta
$Waves: 1
$Wave Threshold: 0
$Special Ship: 0		;! Apep Beta 1

$Arrival Location: Docking Bay
+Arrival Distance: 0
$Arrival Anchor: Apep
$Arrival Cue: ( is-event-true-delay 
   "cut to viewpoint 07" 
   2 
)
$Departure Location: Hyperspace
$Departure Cue: ( false ) 
$Ships: (		;! 3 total
	"Apep Beta 1"
	"Apep Beta 2"
	"Apep Beta 3"
)
$AI Goals: ( goals ( ai-chase-any 50 ) )
+Flags: ( )

#Events		;! 34 total

$Formula: ( when-argument 
   ( any-of 
      "Gemini 1" 
      "Gemini 2" 
      "Gemini 3" 
      "Gemini 4" 
   )
   ( has-arrived-delay 0 "Pharaoh Beta" ) 
   ( if-then-else 
      ( not 
         ( is-destroyed-delay 0 "<argument>" ) 
      )
      ( good-secondary-time 
         "Friendly" 
         100 
         "Trebuchet" 
         "<argument>" 
      )
      ( good-secondary-time 
         "Friendly" 
         100 
         "Trebuchet" 
         "Hadji" 
      )
   )
)
+Name: beta good secondary time
+Repeat Count: 1
+Interval: 1

$Formula: ( when 
   ( true ) 
   ( fade-out ) 
   ( set-camera-position 
      ( get-object-x "viewpoint 01:1" ) 
      ( get-object-y "viewpoint 01:1" ) 
      ( get-object-z "viewpoint 01:1" ) 
   )
   ( set-camera-facing-object 
      "viewpoint 01:2" 
   )
   ( add-goal 
      "Alpha 1" 
      ( ai-play-dead 200 ) 
   )
   ( beam-lock 
      "Carthage" 
      "turret01a" 
      "turret09" 
      "turret06" 
      "turret14" 
   )
   ( beam-lock "Fallen" "turret07" ) 
   ( beam-lock 
      "Hadji" 
      "turret02" 
      "turret03" 
   )
   ( beam-lock 
      "Dahshor" 
      "turret09" 
      "turret14" 
   )
   ( set-armor-type 
      "Dahshor" 
      ( true ) 
      "Hell Armor" 
      "engine" 
      "turret01" 
      "turret02" 
      "turret03" 
      "turret04" 
      "turret05" 
      "turret06" 
      "turret07" 
      "turret08" 
      "turret09" 
      "turret10" 
