#Mission Info

$Version: 0.10
$Name:  XSTR("A lion is home", -1)
$Author: X3N0-Life-Form
$Created: 06/26/10 at 17:23:48
$Modified: 08/15/11 at 22:48:45
$Notes:
This is a FRED2_OPEN created mission.
$End Notes:

$Mission Desc:
 XSTR("Put mission description here
", -1)
$end_multi_text

+Game Type Flags: 1

+Flags: 128

+Disallow Support: 1

+Hull Repair Ceiling: 0.000000

+Subsystem Repair Ceiling: 100.000000

+Viewer pos: 334.873749, 3339.432617, 325.485199
+Viewer orient:
	0.974622, -0.000000, 0.223857,
	-0.218118, 0.224977, 0.949637,
	-0.050363, -0.974364, 0.219267

$Starting wing names: ( "Alpha" "Beta" "" )
$Squadron wing names: ( "Alpha" "Beta" "Zeta" "Sigma" "Kappa" )

$AI Profile: myProfile

#Command Briefing

#Briefing
$start_briefing
$num_stages: 4
$start_stage
$multi_text
 XSTR("$g Command has decided to try and break the blockade at the subspace portal before the $r Shivans deploy more forces there, and assist allied forces still in system.

Our scouts have spotted four Shivan cruisers, designated $h Doom wing, one bomber wing, designated $h Taurus, and two fighter wings, designated $h Scorpio and $h Cancer.", -1)
$end_multi_text
$voice: none.wav
$camera_pos: 0.000000, 1457.250732, -1029.160400
$camera_orient:
	1.000000, 0.000000, 0.000000,
	0.000000, 0.164140, 0.986437,
	0.000000, -0.986437, 0.164140
$camera_time: 500
$num_lines: 0
$num_icons: 11
$Flags: 0
$Formula: ( true ) 
$start_icon
$type: 26
$team: Friendly
$class: Knossos
$pos: -848.410400, -0.000229, -821.428955
+id: 1
$hlight: 0
$mirror: 0
$multi_text
$end_multi_text
$end_icon
$start_icon
$type: 18
$team: Hostile
$class: SC Cain
$pos: -334.824463, -85.406738, -433.039001
$label: Doom 4
+id: 2
$hlight: 0
$mirror: 0
$multi_text
$end_multi_text
$end_icon
$start_icon
$type: 1
$team: Hostile
$class: SF Basilisk
$pos: 124.459328, 8.305294, -436.585297
$label: Cancer
+id: 3
$hlight: 0
$mirror: 0
$multi_text
$end_multi_text
$end_icon
$start_icon
$type: 18
$team: Hostile
$class: SC Rakshasa
$pos: 586.855713, -0.000846, -405.172028
$label: Doom 2
+id: 4
$hlight: 0
$mirror: 0
$multi_text
$end_multi_text
$end_icon
$start_icon
$type: 1
$team: Hostile
$class: SF Mara
$pos: 54.585850, 266.756134, -1045.494263
$label: Scorpio
+id: 5
$hlight: 0
$mirror: 0
$multi_text
$end_multi_text
$end_icon
$start_icon
$type: 18
$team: Hostile
$class: SC Rakshasa
$pos: -299.719055, 392.358948, -1094.423950
$label: Doom 1
+id: 6
$hlight: 0
$mirror: 0
$multi_text
$end_multi_text
$end_icon
$start_icon
$type: 17
$team: Hostile
$class: SB Nephilim
$pos: 798.714111, 160.428970, -976.833130
$label: Taurus
+id: 7
$hlight: 0
$mirror: 0
$multi_text
$end_multi_text
$end_icon
$start_icon
$type: 18
$team: Hostile
$class: SC Cain
$pos: 436.493561, 237.590759, -1110.673950
$label: Doom 3
+id: 8
$hlight: 0
$mirror: 0
$multi_text
$end_multi_text
$end_icon
$start_icon
$type: 6
$team: Friendly
$class: GVD Hatshepsut
$pos: -2043.250732, -0.000697, -981.201050
$label: GVD Apep
+id: 9
$hlight: 0
$mirror: 0
$multi_text
$end_multi_text
$end_icon
$start_icon
$type: 1
$team: Friendly
$class: GVF Seth
$pos: -996.938354, 250.259491, -1346.051270
$label: Beta
+id: 10
$hlight: 0
$mirror: 0
$multi_text
$end_multi_text
$end_icon
$start_icon
$type: 1
$team: Friendly
$class: GVF Serapis
$pos: -1422.617920, 59.533863, -435.392426
$label: Alpha
+id: 11
$hlight: 0
$mirror: 0
$multi_text
$end_multi_text
$end_icon
$end_stage
$start_stage
$multi_text
 XSTR("Once the $g Apep is in position, we will deploy our bombers, additionnal fighter wing and a support ship to assist you. Then, she'll recharge her subspace drive and clear out as soon as possible to avoid being embushed by the $r Vampire.", -1)
$end_multi_text
$voice: none.wav
$camera_pos: 0.000000, 1457.250732, -1029.160400
$camera_orient:
	1.000000, 0.000000, 0.000000,
	0.000000, 0.164140, 0.986437,
	0.000000, -0.986437, 0.164140
$camera_time: 500
$num_lines: 0
$num_icons: 11
$Flags: 0
$Formula: ( true ) 
$start_icon
$type: 26
$team: Friendly
$class: Knossos
$pos: -848.410400, -0.000229, -821.428955
+id: 1
$hlight: 0
$mirror: 0
$multi_text
$end_multi_text
$end_icon
$start_icon
$type: 18
$team: Hostile
$class: SC Cain
$pos: -334.824463, -85.406738, -433.039001
$label: Doom 4
+id: 2
$hlight: 0
$mirror: 0
$multi_text
$end_multi_text
$end_icon
$start_icon
$type: 1
$team: Hostile
$class: SF Basilisk
$pos: 124.459328, 8.305294, -436.585297
$label: Cancer
+id: 3
$hlight: 0
$mirror: 0
$multi_text
$end_multi_text
$end_icon
$start_icon
$type: 18
$team: Hostile
$class: SC Rakshasa
$pos: 586.855713, -0.000846, -405.172028
$label: Doom 2
+id: 4
$hlight: 0
$mirror: 0
$multi_text
$end_multi_text
$end_icon
$start_icon
$type: 1
$team: Hostile
$class: SF Mara
$pos: 54.585850, 266.756134, -1045.494263
$label: Scorpio
+id: 5
$hlight: 0
$mirror: 0
$multi_text
$end_multi_text
$end_icon
$start_icon
$type: 18
$team: Hostile
$class: SC Rakshasa
$pos: -299.719055, 392.358948, -1094.423950
$label: Doom 1
+id: 6
$hlight: 0
$mirror: 0
$multi_text
$end_multi_text
$end_icon
$start_icon
$type: 17
$team: Hostile
$class: SB Nephilim
$pos: 798.714111, 160.428970, -976.833130
$label: Taurus
+id: 7
$hlight: 0
$mirror: 0
$multi_text
$end_multi_text
$end_icon
$start_icon
$type: 18
$team: Hostile
$class: SC Cain
$pos: 436.493561, 237.590759, -1110.673950
$label: Doom 3
+id: 8
$hlight: 0
$mirror: 0
$multi_text
$end_multi_text
$end_icon
$start_icon
$type: 6
$team: Friendly
$class: GVD Hatshepsut
$pos: -868.483948, -0.000582, -791.035339
$label: GVD Apep
+id: 9
$hlight: 0
$mirror: 0
$multi_text
$end_multi_text
$end_icon
$start_icon
$type: 1
$team: Friendly
$class: GVF Seth
$pos: -679.540710, 250.259521, -1028.658325
$label: Beta
+id: 10
$hlight: 0
$mirror: 0
$multi_text
$end_multi_text
$end_icon
$start_icon
$type: 1
$team: Friendly
$class: GVF Serapis
$pos: -748.107361, 59.533955, -484.558228
$label: Alpha
+id: 11
$hlight: 0
$mirror: 0
$multi_text
$end_multi_text
$end_icon
$end_stage
$start_stage
$multi_text
 XSTR("No additionnal warship will be deployed until the portal is secured.
You are ordered to neutralize any reinforcements the $r Shivan might deploy until $f Epsilon, $f Delta and $f Gamma wing arrive.", -1)
$end_multi_text
$voice: none.wav
$camera_pos: 0.000000, 1457.250732, -1029.160400
$camera_orient:
	1.000000, 0.000000, 0.000000,
	0.000000, 0.164140, 0.986437,
	0.000000, -0.986437, 0.164140
$camera_time: 500
$num_lines: 0
$num_icons: 5
$Flags: 0
$Formula: ( true ) 
$start_icon
$type: 1
$team: Friendly
$class: GVF Seth
$pos: -309.810303, 250.259537, -1115.561768
$label: Beta
+id: 10
$hlight: 0
$mirror: 0
$multi_text
$end_multi_text
$end_icon
$start_icon
$type: 1
$team: Friendly
$class: GVF Serapis
$pos: -280.228699, 59.533894, -677.864075
$label: Alpha
+id: 11
$hlight: 0
$mirror: 0
$multi_text
$end_multi_text
$end_icon
$start_icon
$type: 17
$team: Friendly
$class: GVB Sekhmet
$pos: 63.745899, -0.000160, -908.600830
$label: Bombers
+id: 13
$hlight: 0
$mirror: 0
$multi_text
$end_multi_text
$end_icon
$start_icon
$type: 1
$team: Hostile
$class: SF Basilisk
$pos: 610.849854, -6.070674, -923.960938
$label: Shivan forces
+id: 14
$hlight: 0
$mirror: 0
$multi_text
$end_multi_text
$end_icon
$start_icon
$type: 1
$team: Friendly
$class: GVF Tauret
$pos: -759.301270, 0.000029, -911.385193
$label: Kappa
+id: 16
$hlight: 0
$mirror: 0
$multi_text
$end_multi_text
$end_icon
$end_stage
$start_stage
$multi_text
 XSTR("Once these fighters are in position, you will be returning to the $g Apep to assist in our counter attack.", -1)
$end_multi_text
$voice: none.wav
$camera_pos: 0.000000, 1457.250732, -1029.160400
$camera_orient:
	1.000000, 0.000000, 0.000000,
	0.000000, 0.164140, 0.986437,
	0.000000, -0.986437, 0.164140
$camera_time: 500
$num_lines: 0
$num_icons: 5
$Flags: 0
$Formula: ( true ) 
$start_icon
$type: 1
$team: Friendly
$class: GVF Seth
$pos: 117.219482, 250.259521, -1168.069092
$label: Beta
+id: 10
$hlight: 0
$mirror: 0
$multi_text
$end_multi_text
$end_icon
$start_icon
$type: 1
$team: Friendly
$class: GVF Serapis
$pos: 146.801086, 59.533878, -730.371399
$label: Alpha
+id: 11
$hlight: 0
$mirror: 0
$multi_text
$end_multi_text
$end_icon
$start_icon
$type: 17
$team: Friendly
$class: GVB Sekhmet
$pos: 490.775665, -0.000175, -961.108154
$label: Bombers
+id: 13
$hlight: 0
$mirror: 0
$multi_text
$end_multi_text
$end_icon
$start_icon
$type: 1
$team: Friendly
$class: GVF Seth
$pos: -471.270294, 250.259506, -954.165588
$label: Reinforcements
+id: 15
$hlight: 0
$mirror: 0
$multi_text
$end_multi_text
$end_icon
$start_icon
$type: 1
$team: Friendly
$class: GVF Tauret
$pos: -759.301270, 0.000029, -911.385193
$label: Kappa
+id: 16
$hlight: 0
$mirror: 0
$multi_text
$end_multi_text
$end_icon
$end_stage
$end_briefing

#Debriefing_info

$Num stages: 2

$Formula: ( has-departed-delay 0 "Alpha 1" ) 
$Multi text
    XSTR("Excellent work breaking through that blockade pilot. Don't relax yet though, securing gamma draconnis is far from over.

Command has set up a blockade at the Capella node, led by the GVD Pharaoh, withthe GTCv Minos acting as an automated bait to keep the Vampire away from the Pharaoh.
Sacrificing a Deimos class corvette seems a bit of an extreme measure, but if the Vampire moves in, we'll be ready this time.

However, we hope that we will be able to avoid a head-on confrontation with that destroyer, considering what happened last time.
", -1)
$end_multi_text
$Voice: none.wav
$Recommendation text:
    XSTR("", -1)
$end_multi_text

$Formula: ( is-destroyed-delay 0 "GVD Apep" ) 
$Multi text
    XSTR("I don't know how you pulled this out, but we've lost the GVD Apep. Get out of my sight.", -1)
$end_multi_text
$Voice: none.wav
$Recommendation text:
    XSTR("Those cruisers are supposed to get pawned once the Apep arrives.", -1)
$end_multi_text

#Players		;! 1 total

$Starting Shipname: Alpha 1
$Ship Choices: (
	"GVF Seth"	4
	"GVF Horus"	8
	"GVF Thoth"	8
	"GVF Serapis"	4
	"GVF Tauret"	8
	"GVB Sekhmet"	4
	"GVB Osiris"	4
	"GVB Bakha"	4
)

+Weaponry Pool: (
	"Mekhu HL-7"	32
	"Morning Star"	8
	"Prometheus R"	16
	"Rockeye"	200
	"Tempest"	1920
	"Hornet"	1280
	"Harpoon"	272
	"Stiletto II"	30
	"Cyclops"	20
)

#Objects		;! 56 total

$Name: Alpha 1		;! Object #0
$Class: GVF Serapis
$Team: Friendly
$Location: 474.246552, 0.000156, 2.043322
$Orientation:
	1.000000, 0.000000, 0.000000,
	0.000000, 1.000000, 0.000000,
	0.000000, 0.000000, 1.000000
$AI Behavior: None
$Cargo 1:  XSTR("Nothing", -1)
+Initial Hull: 100
+Subsystem: Pilot
+Primary Banks: ( "Mekhu HL-7" "Mekhu HL-7" )
+Secondary Banks: ( "Tempest" "Tempest" )
$Arrival Location: Hyperspace
$Arrival Cue: ( false ) 
$Departure Location: Hyperspace
$Departure Cue: ( false ) 
$Determination: 10
+Flags: ( "cargo-known" "player-start" )
+Flags2: ( )
+Respawn priority: 0
+Group: 0
+Score: 8

$Name: Knossos 1		;! Object #1
$Class: Knossos
$Team: Unknown
$Location: -66.659821, -0.000256, 183.350845
$Orientation:
	1.000000, 0.000000, 0.000000,
	0.000000, 1.000000, 0.000000,
	0.000000, 0.000000, 1.000000
$AI Behavior: None
$Cargo 1:  XSTR("Nothing", -1)
+Initial Velocity: 33
+Initial Hull: 100
+Initial Shields: 100
+Subsystem: Pilot
$Arrival Location: Hyperspace
$Arrival Cue: ( true ) 
$Departure Location: Hyperspace
$Departure Cue: ( false ) 
$Determination: 10
+Flags: ( "cargo-known" "no-shields" "invulnerable" "hidden-from-sensors" "beam-protect-ship" "guardian" "don't-collide-invisible" )
+Flags2: ( )
+Respawn priority: 0
+Group: 0
+Use Table Score:
+Score: 0

$Name: Alpha 2		;! Object #2
$Class: GVF Serapis
$Team: Friendly
$Location: 384.181702, 84.145432, 0.288350
$Orientation:
	1.000000, 0.000000, 0.000000,
	0.000000, 1.000000, 0.000000,
	0.000000, 0.000000, 1.000000
$AI Behavior: None
+AI Class: Major
$Cargo 1:  XSTR("Nothing", -1)
+Initial Velocity: 33
+Initial Hull: 100
+Subsystem: Pilot
+Primary Banks: ( "Mekhu HL-7" "Mekhu HL-7" )
+Secondary Banks: ( "Harpoon" "Tempest" )
$Arrival Location: Hyperspace
$Arrival Cue: ( false ) 
$Departure Location: Hyperspace
$Departure Cue: ( false ) 
$Determination: 10
+Flags: ( "cargo-known" )
+Flags2: ( )
+Respawn priority: 0
+Group: 0
+Use Table Score:
+Score: 12

$Name: Alpha 3		;! Object #3
$Class: GVF Serapis
$Team: Friendly
$Location: 652.677246, 61.511520, 0.288220
$Orientation:
	1.000000, 0.000000, 0.000000,
	0.000000, 1.000000, 0.000000,
	0.000000, 0.000000, 1.000000
$AI Behavior: None
+AI Class: Major
$Cargo 1:  XSTR("Nothing", -1)
+Initial Velocity: 33
+Initial Hull: 100
+Subsystem: Pilot
+Primary Banks: ( "Mekhu HL-7" "Mekhu HL-7" )
+Secondary Banks: ( "Harpoon" "Tempest" )
$Arrival Location: Hyperspace
$Arrival Cue: ( false ) 
$Departure Location: Hyperspace
$Departure Cue: ( false ) 
$Determination: 10
+Flags: ( "cargo-known" )
+Flags2: ( )
+Respawn priority: 0
+Group: 0
+Use Table Score:
+Score: 12

$Name: Alpha 4		;! Object #4
$Class: GVF Serapis
$Team: Friendly
$Location: 512.095581, 119.067421, 3.801791
$Orientation:
	1.000000, 0.000000, 0.000000,
	0.000000, 1.000000, 0.000000,
	0.000000, 0.000000, 1.000000
$AI Behavior: None
+AI Class: Major
$Cargo 1:  XSTR("Nothing", -1)
+Initial Velocity: 33
+Initial Hull: 100
+Subsystem: Pilot
+Primary Banks: ( "Mekhu HL-7" "Mekhu HL-7" )
+Secondary Banks: ( "Harpoon" "Tempest" )
$Arrival Location: Hyperspace
$Arrival Cue: ( false ) 
$Departure Location: Hyperspace
$Departure Cue: ( false ) 
$Determination: 10
+Flags: ( "cargo-known" )
+Flags2: ( )
+Respawn priority: 0
+Group: 0
+Use Table Score:
+Score: 12

$Name: GVD Apep		;! Object #5
$Class: GVD Hatshepsut
$Team: Friendly
$Location: 0.000000, -0.001184, 14.275007
$Orientation:
	1.000000, 0.000000, 0.000000,
	0.000000, 1.000000, 0.000000,
	0.000000, 0.000000, 1.000000
$AI Behavior: None
+AI Class: Big
$AI Goals: ( goals ( ai-waypoints "Apep" 50 ) ( ai-warp-out 40 ) )
$Cargo 1:  XSTR("Nothing", -1)
+Initial Velocity: 33
+Initial Hull: 100
+Initial Shields: 100
+Subsystem: Pilot
+Subsystem: turret01
+Subsystem: turret02
+Subsystem: turret03
+Subsystem: turret04
+Subsystem: turret05
+Secondary Banks: ( "Vasudan Torpedo" )
+Sbank Ammo: ( 0 )
+Subsystem: turret06
+Secondary Banks: ( "Vasudan Torpedo" )
+Sbank Ammo: ( 0 )
+Subsystem: turret07
+Secondary Banks: ( "Vasudan Torpedo" )
+Sbank Ammo: ( 0 )
+Subsystem: turret08
+Secondary Banks: ( "Vasudan Torpedo" )
+Sbank Ammo: ( 0 )
+Subsystem: turret09
+Secondary Banks: ( "Vasudan Torpedo" )
+Sbank Ammo: ( 0 )
+Subsystem: turret10
+Secondary Banks: ( "Vasudan Torpedo" )
+Sbank Ammo: ( 0 )
+Subsystem: turret11
+Subsystem: turret12
+Subsystem: turret13
+Subsystem: turret14
+Subsystem: turret15
+Subsystem: turret16
+Subsystem: turret17
+Subsystem: turret18
+Subsystem: turret19
+Subsystem: turret20
+Subsystem: turret21
+Subsystem: turret22
+Subsystem: turret23
+Subsystem: turret24
+Subsystem: turret25
+Subsystem: turret26
+Subsystem: turret27
+Subsystem: turret28
+Subsystem: turret29
+Subsystem: turret30
$Arrival Location: Hyperspace
+Arrival Delay: 80
$Arrival Cue: ( true ) 
$Departure Location: Hyperspace
$Departure Cue: ( false ) 
$Determination: 10
+Flags: ( "cargo-known" "no-shields" "special-warp" )
+Flags2: ( )
+Respawn priority: 0
+Orders Accepted: 0		;! note that this is a bitfield!!!
+Group: 0
+Use Table Score:
+Score: 1400

$Name: Doom 1		;! Object #6
$Class: SC Rakshasa
$Team: Hostile
$Location: 1252.561157, 392.358765, 2425.616699
$Orientation:
	-0.597696, 0.370920, 0.710758,
	-0.102059, 0.844124, -0.526344,
	-0.795200, -0.387133, -0.466674
$AI Behavior: None
+AI Class: Big
$Cargo 1:  XSTR("Nothing", -1)
+Initial Velocity: 33
+Initial Hull: 100
+Initial Shields: 100
+Subsystem: Pilot
+Subsystem: turret01
+Subsystem: turret02
+Subsystem: turret03
+Primary Banks: ( "Shivan Heavy Anticap Laser" )
+Subsystem: turret04
+Primary Banks: ( "Shivan Heavy Anticap Laser" )
+Subsystem: turret05
+Subsystem: turret06
+Subsystem: turret07
+Primary Banks: ( "Shivan Multi Turret" )
+Subsystem: turret08
+Primary Banks: ( "Shivan Multi Turret" )
+Subsystem: turret09
+Primary Banks: ( "Light Flak" )
+Subsystem: turret10
+Subsystem: turret11
+Subsystem: turret12
+Subsystem: turret13
+Subsystem: turret14
$Arrival Location: Hyperspace
$Arrival Cue: ( false ) 
$Departure Location: Hyperspace
$Departure Cue: ( false ) 
$Determination: 10
+Flags: ( "no-shields" "escort" )
+Flags2: ( )
+Respawn priority: 0
+Escort priority: 2
+Orders Accepted: 0		;! note that this is a bitfield!!!
+Group: 0
+Use Table Score:
+Score: 300

$Name: Doom 2		;! Object #7
$Class: SC Rakshasa
$Team: Hostile
$Location: -1777.371948, -0.000590, 3296.939697
$Orientation:
	-0.351529, 0.000000, -0.936177,
	0.000000, 1.000000, 0.000000,
	0.936177, 0.000000, -0.351529
$AI Behavior: None
+AI Class: Big
$Cargo 1:  XSTR("Nothing", -1)
+Initial Velocity: 33
+Initial Hull: 100
+Initial Shields: 100
+Subsystem: Pilot
+Subsystem: turret01
+Subsystem: turret02
+Subsystem: turret03
+Primary Banks: ( "Shivan Heavy Anticap Laser" )
+Subsystem: turret04
+Primary Banks: ( "Shivan Heavy Anticap Laser" )
+Subsystem: turret05
+Subsystem: turret06
+Subsystem: turret07
+Primary Banks: ( "Shivan Multi Turret" )
+Subsystem: turret08
+Primary Banks: ( "Shivan Multi Turret" )
+Subsystem: turret09
+Primary Banks: ( "Light Flak" )
+Subsystem: turret10
+Subsystem: turret11
+Subsystem: turret12
+Subsystem: turret13
+Subsystem: turret14
$Arrival Location: Hyperspace
$Arrival Cue: ( false ) 
$Departure Location: Hyperspace
$Departure Cue: ( false ) 
$Determination: 10
+Flags: ( "no-shields" "escort" )
+Flags2: ( )
+Respawn priority: 0
+Escort priority: 3
+Orders Accepted: 0		;! note that this is a bitfield!!!
+Group: 0
+Use Table Score:
+Score: 300

$Name: Doom 3		;! Object #8
$Class: SC Cain
$Team: Hostile
$Location: 1137.543701, 237.590088, 3052.503174
$Orientation:
	-0.960614, 0.000000, 0.277886,
	0.000000, 1.000000, 0.000000,
	-0.277886, 0.000000, -0.960614
$AI Behavior: None
+AI Class: Big
$Cargo 1:  XSTR("Nothing", -1)
+Initial Velocity: 33
+Initial Hull: 100
+Initial Shields: 100
+Subsystem: Pilot
+Subsystem: turret01
+Primary Banks: ( "Shivan Multi Turret" )
+Subsystem: turret02
+Subsystem: turret03
+Subsystem: turret04
+Subsystem: turret05
+Primary Banks: ( "Shivan Anticap Laser" )
+Subsystem: turret06
+Primary Banks: ( "Shivan Anticap Laser" )
+Subsystem: turret07
+Subsystem: turret08
+Secondary Banks: ( "Harpoon#Shivan" )
+Sbank Ammo: ( 0 )
+Subsystem: turret09
+Secondary Banks: ( "Harpoon#Shivan" )
+Sbank Ammo: ( 0 )
$Arrival Location: Hyperspace
$Arrival Cue: ( false ) 
$Departure Location: Hyperspace
$Departure Cue: ( false ) 
$Determination: 10
+Flags: ( "no-shields" "escort" )
+Flags2: ( )
+Respawn priority: 0
+Escort priority: 1
+Orders Accepted: 0		;! note that this is a bitfield!!!
+Group: 0
+Use Table Score:
+Score: 150

$Name: Doom 4		;! Object #9
$Class: SC Cain
$Team: Hostile
$Location: -1469.143921, -85.406525, 2035.255371
$Orientation:
	-0.563985, 0.000000, -0.825785,
	0.000000, 1.000000, 0.000000,
	0.825785, 0.000000, -0.563985
$AI Behavior: None
+AI Class: Big
$Cargo 1:  XSTR("Nothing", -1)
+Initial Velocity: 33
+Initial Hull: 100
+Initial Shields: 100
+Subsystem: Pilot
+Subsystem: turret01
+Primary Banks: ( "Shivan Multi Turret" )
+Subsystem: turret02
+Subsystem: turret03
+Subsystem: turret04
+Subsystem: turret05
+Primary Banks: ( "Shivan Anticap Laser" )
+Subsystem: turret06
+Primary Banks: ( "Shivan Anticap Laser" )
+Subsystem: turret07
+Subsystem: turret08
+Secondary Banks: ( "EMP Adv.#Shivan" )
+Sbank Ammo: ( 0 )
+Subsystem: turret09
+Secondary Banks: ( "EMP Adv.#Shivan" )
+Sbank Ammo: ( 0 )
$Arrival Location: Hyperspace
$Arrival Cue: ( false ) 
$Departure Location: Hyperspace
$Departure Cue: ( false ) 
$Determination: 10
+Flags: ( "no-shields" "escort" )
+Flags2: ( )
+Respawn priority: 0
+Escort priority: 1
+Orders Accepted: 0		;! note that this is a bitfield!!!
+Group: 0
+Use Table Score:
+Score: 150

$Name: Beta 1		;! Object #10
$Class: GVF Seth
$Team: Friendly
$Location: -681.410034, 353.339355, 0.412585
$Orientation:
	1.000000, 0.000000, 0.000000,
	0.000000, 1.000000, 0.000000,
	0.000000, 0.000000, 1.000000
$AI Behavior: None
$Cargo 1:  XSTR("Nothing", -1)
+Initial Velocity: 33
+Initial Hull: 100
+Subsystem: Pilot
+Secondary Banks: ( "Hornet" "Hornet" )
$Arrival Location: Hyperspace
$Arrival Cue: ( false ) 
$Departure Location: Hyperspace
$Departure Cue: ( false ) 
$Determination: 10
+Flags: ( "cargo-known" )
+Flags2: ( )
+Respawn priority: 0
+Group: 0
+Use Table Score:
+Score: 12

$Name: Beta 2		;! Object #11
$Class: GVF Seth
$Team: Friendly
$Location: -585.953857, 284.184662, 0.412494
$Orientation:
	1.000000, 0.000000, 0.000000,
	0.000000, 1.000000, 0.000000,
	0.000000, 0.000000, 1.000000
$AI Behavior: None
$Cargo 1:  XSTR("Nothing", -1)
+Initial Velocity: 33
+Initial Hull: 100
+Subsystem: Pilot
+Secondary Banks: ( "Hornet" "Hornet" )
$Arrival Location: Hyperspace
$Arrival Cue: ( false ) 
$Departure Location: Hyperspace
$Departure Cue: ( false ) 
$Determination: 10
+Flags: ( "cargo-known" )
+Flags2: ( )
+Respawn priority: 0
+Group: 0
+Use Table Score:
+Score: 12

$Name: Beta 3		;! Object #12
$Class: GVF Seth
$Team: Friendly
$Location: -749.314270, 223.893295, 7.618921
$Orientation:
	1.000000, 0.000000, 0.000000,
	0.000000, 1.000000, 0.000000,
	0.000000, 0.000000, 1.000000
$AI Behavior: None
$Cargo 1:  XSTR("Nothing", -1)
+Initial Velocity: 33
+Initial Hull: 100
+Subsystem: Pilot
+Secondary Banks: ( "Hornet" "Hornet" )
$Arrival Location: Hyperspace
$Arrival Cue: ( false ) 
$Departure Location: Hyperspace
$Departure Cue: ( false ) 
$Determination: 10
+Flags: ( "cargo-known" )
+Flags2: ( )
+Respawn priority: 0
+Group: 0
+Use Table Score:
+Score: 12

$Name: Beta 4		;! Object #13
$Class: GVF Seth
$Team: Friendly
$Location: -702.823059, 147.179718, 4.011418
$Orientation:
	1.000000, 0.000000, 0.000000,
	0.000000, 1.000000, 0.000000,
	0.000000, 0.000000, 1.000000
$AI Behavior: None
$Cargo 1:  XSTR("Nothing", -1)
+Initial Velocity: 33
+Initial Hull: 100
+Subsystem: Pilot
+Secondary Banks: ( "Hornet" "Hornet" )
$Arrival Location: Hyperspace
$Arrival Cue: ( false ) 
$Departure Location: Hyperspace
$Departure Cue: ( false ) 
$Determination: 10
+Flags: ( "cargo-known" )
+Flags2: ( )
+Respawn priority: 0
+Group: 0
+Use Table Score:
+Score: 12

$Name: Cancer 1		;! Object #14
$Class: SF Basilisk
$Team: Hostile
$Location: -1670.817261, -0.002227, 2506.474365
$Orientation:
	-0.998295, -0.057111, 0.012078,
	-0.058374, 0.976694, -0.206549,
	0.000000, -0.206902, -0.978362
$AI Behavior: None
$Cargo 1:  XSTR("Nothing", -1)
+Initial Velocity: 33
+Subsystem: Pilot
+Secondary Banks: ( "EMP Adv." "Hornet" )
$Arrival Location: Hyperspace
$Arrival Cue: ( false ) 
$Departure Location: Hyperspace
$Departure Cue: ( false ) 
$Determination: 10
+Flags: ( )
+Flags2: ( )
+Respawn priority: 0
+Orders Accepted: 0		;! note that this is a bitfield!!!
+Group: 0
+Use Table Score:
+Score: 12

$Name: Cancer 2		;! Object #15
$Class: SF Basilisk
$Team: Hostile
$Location: -1824.532349, 28.750095, 2685.862061
$Orientation:
	-0.998295, -0.057111, 0.012078,
	-0.058374, 0.976693, -0.206549,
	0.000000, -0.206902, -0.978362
$AI Behavior: None
$Cargo 1:  XSTR("Nothing", -1)
+Initial Velocity: 33
+Subsystem: Pilot
+Secondary Banks: ( "EMP Adv." "Hornet" )
$Arrival Location: Hyperspace
$Arrival Cue: ( false ) 
$Departure Location: Hyperspace
$Departure Cue: ( false ) 
$Determination: 10
+Flags: ( )
+Flags2: ( )
+Respawn priority: 0
+Orders Accepted: 0		;! note that this is a bitfield!!!
+Group: 0
+Use Table Score:
+Score: 12

$Name: Cancer 3		;! Object #16
$Class: SF Basilisk
$Team: Hostile
$Location: -1838.295776, -5.689773, 2472.169678
$Orientation:
	-0.998295, -0.057111, 0.012078,
	-0.058374, 0.976693, -0.206549,
	0.000000, -0.206902, -0.978362
$AI Behavior: None
$Cargo 1:  XSTR("Nothing", -1)
+Initial Velocity: 33
+Subsystem: Pilot
+Secondary Banks: ( "EMP Adv." "Hornet" )
$Arrival Location: Hyperspace
$Arrival Cue: ( false ) 
$Departure Location: Hyperspace
$Departure Cue: ( false ) 
$Determination: 10
+Flags: ( )
+Flags2: ( )
+Respawn priority: 0
+Orders Accepted: 0		;! note that this is a bitfield!!!
+Group: 0
+Use Table Score:
+Score: 12

$Name: Cancer 4		;! Object #17
$Class: SF Basilisk
$Team: Hostile
$Location: -1724.156372, -12.139285, 2639.992432
$Orientation:
	-0.998295, -0.057111, 0.012078,
	-0.058374, 0.976693, -0.206549,
	0.000000, -0.206902, -0.978362
$AI Behavior: None
$Cargo 1:  XSTR("Nothing", -1)
+Initial Velocity: 33
+Subsystem: Pilot
+Secondary Banks: ( "EMP Adv." "Hornet" )
$Arrival Location: Hyperspace
$Arrival Cue: ( false ) 
$Departure Location: Hyperspace
$Departure Cue: ( false ) 
$Determination: 10
+Flags: ( )
+Flags2: ( )
+Respawn priority: 0
+Orders Accepted: 0		;! note that this is a bitfield!!!
+Group: 0
+Use Table Score:
+Score: 12

$Name: Taurus 1		;! Object #18
$Class: SB Nephilim
$Team: Hostile
$Location: 1253.233398, 179.705002, 3811.510010
$Orientation:
	-0.921680, 0.000000, 0.387951,
	0.000000, 1.000000, 0.000000,
	-0.387951, 0.000000, -0.921680
$AI Behavior: None
+AI Class: Cap_Killer
$Cargo 1:  XSTR("Nothing", -1)
+Initial Velocity: 33
+Initial Hull: 100
+Subsystem: Pilot
+Secondary Banks: ( "Shivan Bomb" "Shivan Bomb" "Piranha#Shivan" "Shivan Bomb" )
+Subsystem: turret01
+Subsystem: turret02
$Arrival Location: Hyperspace
$Arrival Cue: ( false ) 
$Departure Location: Hyperspace
$Departure Cue: ( false ) 
$Determination: 10
+Flags: ( )
+Flags2: ( )
+Respawn priority: 0
+Orders Accepted: 0		;! note that this is a bitfield!!!
+Group: 0
+Use Table Score:
+Score: 11

$Name: Taurus 2		;! Object #19
$Class: SB Nephilim
$Team: Hostile
$Location: 1266.779663, 156.734344, 3596.254639
$Orientation:
	-0.921680, 0.000000, 0.387951,
	0.000000, 1.000000, 0.000000,
	-0.387951, 0.000000, -0.921680
$AI Behavior: None
+AI Class: Cap_Killer
$Cargo 1:  XSTR("Nothing", -1)
+Initial Velocity: 33
+Initial Hull: 100
+Subsystem: Pilot
+Secondary Banks: ( "Shivan Bomb" "Shivan Bomb" "Piranha#Shivan" "Shivan Bomb" )
+Subsystem: turret01
+Subsystem: turret02
$Arrival Location: Hyperspace
$Arrival Cue: ( false ) 
$Departure Location: Hyperspace
$Departure Cue: ( false ) 
$Determination: 10
+Flags: ( )
+Flags2: ( )
+Respawn priority: 0
+Orders Accepted: 0		;! note that this is a bitfield!!!
+Group: 0
+Use Table Score:
+Score: 11

$Name: Taurus 3		;! Object #20
$Class: SB Nephilim
$Team: Hostile
$Location: 1118.975708, 179.704956, 3840.471436
$Orientation:
	-0.921680, 0.000000, 0.387951,
	0.000000, 1.000000, 0.000000,
	-0.387951, 0.000000, -0.921680
$AI Behavior: None
+AI Class: Cap_Killer
$Cargo 1:  XSTR("Nothing", -1)
+Initial Velocity: 33
+Initial Hull: 100
+Subsystem: Pilot
+Secondary Banks: ( "Shivan Bomb" "Shivan Bomb" "Piranha#Shivan" "Shivan Bomb" )
+Subsystem: turret01
+Subsystem: turret02
$Arrival Location: Hyperspace
$Arrival Cue: ( false ) 
$Departure Location: Hyperspace
$Departure Cue: ( false ) 
$Determination: 10
+Flags: ( )
+Flags2: ( )
+Respawn priority: 0
+Orders Accepted: 0		;! note that this is a bitfield!!!
+Group: 0
+Use Table Score:
+Score: 11

$Name: Taurus 4		;! Object #21
$Class: SB Nephilim
$Team: Hostile
$Location: 1036.666992, 141.153503, 3612.364014
$Orientation:
	-0.921680, 0.000000, 0.387951,
	0.000000, 1.000000, 0.000000,
	-0.387951, 0.000000, -0.921680
$AI Behavior: None
+AI Class: Cap_Killer
$Cargo 1:  XSTR("Nothing", -1)
+Initial Velocity: 33
+Initial Hull: 100
+Subsystem: Pilot
+Secondary Banks: ( "Shivan Bomb" "Shivan Bomb" "Piranha#Shivan" "Shivan Bomb" )
+Subsystem: turret01
+Subsystem: turret02
$Arrival Location: Hyperspace
$Arrival Cue: ( false ) 
$Departure Location: Hyperspace
$Departure Cue: ( false ) 
$Determination: 10
+Flags: ( )
+Flags2: ( )
+Respawn priority: 0
+Orders Accepted: 0		;! note that this is a bitfield!!!
+Group: 0
+Use Table Score:
+Score: 11

$Name: Scorpio 1		;! Object #22
$Class: SF Mara
$Team: Hostile
$Location: 1418.987549, 381.290222, 2432.889648
$Orientation:
	-0.704976, 0.000000, 0.709232,
	0.000000, 1.000000, 0.000000,
	-0.709232, 0.000000, -0.704976
$AI Behavior: None
$Cargo 1:  XSTR("Nothing", -1)
+Initial Velocity: 33
+Initial Hull: 100
+Subsystem: Pilot
+Secondary Banks: ( "Enemy MX-64" "Hornet#Weak" )
$Arrival Location: Hyperspace
$Arrival Cue: ( false ) 
$Departure Location: Hyperspace
$Departure Cue: ( false ) 
$Determination: 10
+Flags: ( )
+Flags2: ( )
+Respawn priority: 0
+Orders Accepted: 0		;! note that this is a bitfield!!!
+Group: 0
+Use Table Score:
+Score: 12

$Name: Scorpio 2		;! Object #23
$Class: SF Mara
$Team: Hostile
$Location: 1291.994995, 381.290253, 2793.662842
$Orientation:
	-0.704976, 0.000000, 0.709231,
	0.000000, 1.000000, 0.000000,
	-0.709231, 0.000000, -0.704976
$AI Behavior: None
$Cargo 1:  XSTR("Nothing", -1)
+Initial Velocity: 33
+Initial Hull: 100
+Subsystem: Pilot
+Secondary Banks: ( "Enemy MX-64" "Hornet#Weak" )
$Arrival Location: Hyperspace
$Arrival Cue: ( false ) 
$Departure Location: Hyperspace
$Departure Cue: ( false ) 
$Determination: 10
+Flags: ( )
+Flags2: ( )
+Respawn priority: 0
+Orders Accepted: 0		;! note that this is a bitfield!!!
+Group: 0
+Use Table Score:
+Score: 12

$Name: Scorpio 3		;! Object #24
$Class: SF Mara
$Team: Hostile
$Location: 1101.639648, 381.290192, 2499.899658
$Orientation:
	-0.704976, 0.000000, 0.709231,
	0.000000, 1.000000, 0.000000,
	-0.709231, 0.000000, -0.704976
$AI Behavior: None
$Cargo 1:  XSTR("Nothing", -1)
+Initial Velocity: 33
+Initial Hull: 100
+Subsystem: Pilot
+Secondary Banks: ( "Enemy MX-64" "Hornet#Weak" )
$Arrival Location: Hyperspace
$Arrival Cue: ( false ) 
$Departure Location: Hyperspace
$Departure Cue: ( false ) 
$Determination: 10
+Flags: ( )
+Flags2: ( )
+Respawn priority: 0
+Orders Accepted: 0		;! note that this is a bitfield!!!
+Group: 0
+Use Table Score:
+Score: 12

$Name: Scorpio 4		;! Object #25
$Class: SF Mara
$Team: Hostile
$Location: 1390.117065, 381.290192, 2755.443604
$Orientation:
	-0.704976, 0.000000, 0.709231,
	0.000000, 1.000000, 0.000000,
	-0.709231, 0.000000, -0.704976
$AI Behavior: None
$Cargo 1:  XSTR("Nothing", -1)
+Initial Velocity: 33
+Initial Hull: 100
+Subsystem: Pilot
+Secondary Banks: ( "Enemy MX-64" "Hornet#Weak" )
$Arrival Location: Hyperspace
$Arrival Cue: ( false ) 
$Departure Location: Hyperspace
$Departure Cue: ( false ) 
$Determination: 10
+Flags: ( )
+Flags2: ( )
+Respawn priority: 0
+Orders Accepted: 0		;! note that this is a bitfield!!!
+Group: 0
+Use Table Score:
+Score: 12

$Name: Sigma 1		;! Object #26
$Class: GVB Sekhmet
$Team: Friendly
$Location: -414.952942, 0.000010, 1532.672119
$Orientation:
	1.000000, 0.000000, 0.000000,
	0.000000, 1.000000, 0.000000,
	0.000000, 0.000000, 1.000000
$AI Behavior: None
$Cargo 1:  XSTR("Nothing", -1)
+Initial Velocity: 33
+Initial Hull: 100
+Subsystem: Pilot
+Primary Banks: ( "Mekhu HL-7" )
+Secondary Banks: ( "Hornet" "Cyclops#short" "Cyclops#short" )
$Arrival Location: Hyperspace
$Arrival Cue: ( false ) 
$Departure Location: Hyperspace
$Departure Cue: ( false ) 
$Determination: 10
+Flags: ( "cargo-known" )
+Flags2: ( )
+Respawn priority: 0
+Group: 0
+Use Table Score:
+Score: 10

$Name: Zeta 1		;! Object #27
$Class: GVB Sekhmet
$Team: Friendly
$Location: -291.118683, 0.000037, 1503.480103
$Orientation:
	1.000000, 0.000000, 0.000000,
	0.000000, 1.000000, 0.000000,
	0.000000, 0.000000, 1.000000
$AI Behavior: None
$Cargo 1:  XSTR("Nothing", -1)
+Initial Velocity: 33
+Initial Hull: 100
+Subsystem: Pilot
+Primary Banks: ( "Mekhu HL-7" )
+Secondary Banks: ( "Hornet" "Cyclops#short" "Cyclops#short" )
$Arrival Location: Hyperspace
$Arrival Cue: ( false ) 
$Departure Location: Hyperspace
$Departure Cue: ( false ) 
$Determination: 10
+Flags: ( "cargo-known" )
+Flags2: ( )
+Respawn priority: 0
+Group: 0
+Use Table Score:
+Score: 10

$Name: Sigma 2		;! Object #28
$Class: GVB Sekhmet
$Team: Friendly
$Location: -354.988190, 0.000000, 1686.499023
$Orientation:
	1.000000, 0.000000, 0.000000,
	0.000000, 1.000000, 0.000000,
	0.000000, 0.000000, 1.000000
$AI Behavior: None
$Cargo 1:  XSTR("Nothing", -1)
+Initial Velocity: 33
+Initial Hull: 100
+Subsystem: Pilot
+Primary Banks: ( "Mekhu HL-7" )
+Secondary Banks: ( "Hornet" "Cyclops#short" "Cyclops#short" )
$Arrival Location: Hyperspace
$Arrival Cue: ( false ) 
$Departure Location: Hyperspace
$Departure Cue: ( false ) 
$Determination: 10
+Flags: ( "cargo-known" )
+Flags2: ( )
+Respawn priority: 0
+Group: 0
+Use Table Score:
+Score: 10

$Name: Zeta 2		;! Object #29
$Class: GVB Sekhmet
$Team: Friendly
$Location: -322.730713, 0.000041, 1338.272339
$Orientation:
	1.000000, 0.000000, 0.000000,
	0.000000, 1.000000, 0.000000,
	0.000000, 0.000000, 1.000000
$AI Behavior: None
$Cargo 1:  XSTR("Nothing", -1)
+Initial Velocity: 33
+Initial Hull: 100
+Subsystem: Pilot
+Primary Banks: ( "Mekhu HL-7" )
+Secondary Banks: ( "Hornet" "Cyclops#short" "Cyclops#short" )
$Arrival Location: Hyperspace
$Arrival Cue: ( false ) 
$Departure Location: Hyperspace
$Departure Cue: ( false ) 
$Determination: 10
+Flags: ( "cargo-known" )
+Flags2: ( )
+Respawn priority: 0
+Group: 0
+Use Table Score:
+Score: 10

$Name: SC Iron Maiden		;! Object #30
$Class: SC Lilith
$Team: Hostile
$Location: -1583.614868, 257.969910, 4262.210449
$Orientation:
	-0.723738, 0.000000, -0.690076,
	0.000000, 1.000000, 0.000000,
	0.690076, 0.000000, -0.723738
$AI Behavior: None
$Cargo 1:  XSTR("Nothing", -1)
+Initial Velocity: 33
+Initial Hull: 100
+Initial Shields: 100
+Subsystem: Pilot
+Subsystem: turret01
+Subsystem: turret02
+Subsystem: turret03
+Subsystem: turret04
+Subsystem: turret05
+Subsystem: turret06
+Subsystem: turret07
+Subsystem: turret08
+Subsystem: turret09
$Arrival Location: Hyperspace
$Arrival Cue: ( has-departed-delay 6 "GVD Apep" ) 
$Departure Location: Hyperspace
$Departure Cue: ( false ) 
$Determination: 10
+Flags: ( "no-shields" "escort" )
+Flags2: ( )
+Respawn priority: 0
+Escort priority: 4
+Orders Accepted: 0		;! note that this is a bitfield!!!
+Group: 0
+Use Table Score:
+Score: 210

$Name: Libra 1		;! Object #31
$Class: SF Manticore
$Team: Hostile
$Location: -1476.241211, 332.237152, 4101.729004
$Orientation:
	-0.909629, 0.000000, 0.415423,
	0.000000, 1.000000, 0.000000,
	-0.415423, 0.000000, -0.909629
$AI Behavior: None
$Cargo 1:  XSTR("Nothing", -1)
+Initial Velocity: 33
+Subsystem: Pilot
$Arrival Location: Hyperspace
$Arrival Cue: ( false ) 
$Departure Location: Hyperspace
$Departure Cue: ( false ) 
$Determination: 10
+Flags: ( )
+Flags2: ( )
+Respawn priority: 0
+Orders Accepted: 0		;! note that this is a bitfield!!!
+Group: 0
+Use Table Score:
+Score: 12

$Name: Libra 2		;! Object #32
$Class: SF Manticore
$Team: Hostile
$Location: -1685.522095, 332.237213, 3928.966309
$Orientation:
	-0.909629, 0.000000, 0.415423,
	0.000000, 1.000000, 0.000000,
	-0.415423, 0.000000, -0.909629
$AI Behavior: None
$Cargo 1:  XSTR("Nothing", -1)
+Initial Velocity: 33
+Subsystem: Pilot
$Arrival Location: Hyperspace
$Arrival Cue: ( false ) 
$Departure Location: Hyperspace
$Departure Cue: ( false ) 
$Determination: 10
+Flags: ( )
+Flags2: ( )
+Respawn priority: 0
+Orders Accepted: 0		;! note that this is a bitfield!!!
+Group: 0
+Use Table Score:
+Score: 12

$Name: Libra 3		;! Object #33
$Class: SF Manticore
$Team: Hostile
$Location: -1623.977783, 332.237213, 3900.860107
$Orientation:
	-0.909629, 0.000000, 0.415423,
	0.000000, 1.000000, 0.000000,
	-0.415423, 0.000000, -0.909629
$AI Behavior: None
$Cargo 1:  XSTR("Nothing", -1)
+Initial Velocity: 33
+Subsystem: Pilot
$Arrival Location: Hyperspace
$Arrival Cue: ( false ) 
$Departure Location: Hyperspace
$Departure Cue: ( false ) 
$Determination: 10
+Flags: ( )
+Flags2: ( )
+Respawn priority: 0
+Orders Accepted: 0		;! note that this is a bitfield!!!
+Group: 0
+Use Table Score:
+Score: 12

$Name: Libra 4		;! Object #34
$Class: SF Manticore
$Team: Hostile
$Location: -1474.362427, 332.237274, 3869.603516
$Orientation:
	-0.909629, 0.000000, 0.415423,
	0.000000, 1.000000, 0.000000,
	-0.415423, 0.000000, -0.909629
$AI Behavior: None
$Cargo 1:  XSTR("Nothing", -1)
+Initial Velocity: 33
+Subsystem: Pilot
$Arrival Location: Hyperspace
$Arrival Cue: ( false ) 
$Departure Location: Hyperspace
$Departure Cue: ( false ) 
$Determination: 10
+Flags: ( )
+Flags2: ( )
+Respawn priority: 0
+Orders Accepted: 0		;! note that this is a bitfield!!!
+Group: 0
+Use Table Score:
+Score: 12

$Name: Gemini 1		;! Object #35
$Class: SB Nahema
$Team: Hostile
$Location: 615.368958, -226.852371, 1945.137695
$Orientation:
	0.850856, 0.000000, 0.525401,
	0.000000, 1.000000, 0.000000,
	-0.525401, 0.000000, 0.850856
$AI Behavior: None
+AI Class: Cap_Killer
$Cargo 1:  XSTR("Nothing", -1)
+Initial Velocity: 33
+Initial Hull: 100
+Subsystem: Pilot
+Secondary Banks: ( "Shivan Bomb" "Shivan Bomb" "Piranha#Shivan" )
$Arrival Location: Hyperspace
$Arrival Cue: ( false ) 
$Departure Location: Hyperspace
$Departure Cue: ( false ) 
$Determination: 10
+Flags: ( )
+Flags2: ( )
+Respawn priority: 0
+Orders Accepted: 0		;! note that this is a bitfield!!!
+Group: 0
+Use Table Score:
+Score: 14

$Name: Gemini 2		;! Object #36
$Class: SB Nahema
$Team: Hostile
$Location: 570.877502, -226.852448, 2306.304199
$Orientation:
	0.850855, 0.000000, 0.525400,
	0.000000, 1.000000, 0.000000,
	-0.525400, 0.000000, 0.850855
$AI Behavior: None
+AI Class: Cap_Killer
$Cargo 1:  XSTR("Nothing", -1)
+Initial Velocity: 33
+Initial Hull: 100
+Subsystem: Pilot
+Secondary Banks: ( "Shivan Bomb" "Shivan Bomb" "Piranha#Shivan" )
$Arrival Location: Hyperspace
$Arrival Cue: ( false ) 
$Departure Location: Hyperspace
$Departure Cue: ( false ) 
$Determination: 10
+Flags: ( )
+Flags2: ( )
+Respawn priority: 0
+Orders Accepted: 0		;! note that this is a bitfield!!!
+Group: 0
+Use Table Score:
+Score: 14

$Name: Gemini 3		;! Object #37
$Class: SB Nahema
$Team: Hostile
$Location: 863.205017, -226.852417, 2055.049316
$Orientation:
	0.850855, 0.000000, 0.525400,
	0.000000, 1.000000, 0.000000,
	-0.525400, 0.000000, 0.850855
$AI Behavior: None
+AI Class: Cap_Killer
$Cargo 1:  XSTR("Nothing", -1)
+Initial Velocity: 33
+Initial Hull: 100
+Subsystem: Pilot
+Secondary Banks: ( "Shivan Bomb" "Shivan Bomb" "Piranha#Shivan" )
$Arrival Location: Hyperspace
$Arrival Cue: ( false ) 
$Departure Location: Hyperspace
$Departure Cue: ( false ) 
$Determination: 10
+Flags: ( )
+Flags2: ( )
+Respawn priority: 0
+Orders Accepted: 0		;! note that this is a bitfield!!!
+Group: 0
+Use Table Score:
+Score: 14

$Name: Gemini 4		;! Object #38
$Class: SB Nahema
$Team: Hostile
$Location: 769.755859, -226.852371, 1879.810303
$Orientation:
	0.850855, 0.000000, 0.525400,
	0.000000, 1.000000, 0.000000,
	-0.525400, 0.000000, 0.850855
$AI Behavior: None
+AI Class: Cap_Killer
$Cargo 1:  XSTR("Nothing", -1)
+Initial Velocity: 33
+Initial Hull: 100
+Subsystem: Pilot
+Secondary Banks: ( "Shivan Bomb" "Shivan Bomb" "Piranha#Shivan" )
$Arrival Location: Hyperspace
$Arrival Cue: ( false ) 
$Departure Location: Hyperspace
$Departure Cue: ( false ) 
$Determination: 10
+Flags: ( )
+Flags2: ( )
+Respawn priority: 0
+Orders Accepted: 0		;! note that this is a bitfield!!!
+Group: 0
+Use Table Score:
+Score: 14

$Name: Kappa 1		;! Object #39
$Class: GVF Tauret
$Team: Friendly
$Location: -260.519012, 0.000003, -861.104675
$Orientation:
	1.000000, 0.000000, 0.000000,
	0.000000, 1.000000, 0.000000,
	0.000000, 0.000000, 1.000000
$AI Behavior: None
$Cargo 1:  XSTR("Nothing", -1)
+Initial Velocity: 33
+Initial Hull: 100
+Subsystem: Pilot
+Secondary Banks: ( "Hornet" "Hornet" )
$Arrival Location: Hyperspace
$Arrival Cue: ( false ) 
$Departure Location: Hyperspace
$Departure Cue: ( false ) 
$Determination: 10
+Flags: ( "cargo-known" )
+Flags2: ( )
+Respawn priority: 0
+Group: 0
+Use Table Score:
+Score: 10

$Name: Kappa 2		;! Object #40
$Class: GVF Tauret
$Team: Friendly
$Location: -186.669632, 0.000022, -840.622742
$Orientation:
	1.000000, 0.000000, 0.000000,
	0.000000, 1.000000, 0.000000,
	0.000000, 0.000000, 1.000000
$AI Behavior: None
$Cargo 1:  XSTR("Nothing", -1)
+Initial Velocity: 33
+Initial Hull: 100
+Subsystem: Pilot
+Secondary Banks: ( "Hornet" "Hornet" )
$Arrival Location: Hyperspace
$Arrival Cue: ( false ) 
$Departure Location: Hyperspace
