#Mission Info

$Version: 0.10
$Name:  XSTR("Nightmare", -1)
$Author: X3N0-Life-Form
$Created: 07/15/12 at 22:17:26
$Modified: 04/21/13 at 19:36:16
$Notes:
This is a FRED2_OPEN created mission.
$End Notes:

$Mission Desc:
 XSTR("Put mission description here
", -1)
$end_multi_text
+Game Type Flags: 1
+Flags: 128
+Fog Near Mult: 1.000000

+Fog Far Mult: 1.000000

+Disallow Support: 0
+Hull Repair Ceiling: 0.000000
+Subsystem Repair Ceiling: 100.000000

+Viewer pos: -3357.031738, 3406.934814, 10533.410156
+Viewer orient:
	-0.629662, -0.000001, -0.776869,
	0.434791, 0.828715, -0.352405,
	0.643803, -0.559671, -0.521810


$Skybox Model: Starfield.pof

$AI Profile: myProfile
#Fiction Viewer

$File: F01.txt

#Command Briefing

#Briefing
$start_briefing
$num_stages: 0
$end_briefing

#Debriefing_info

$Num stages: 0

#Players		;! 1 total

$Starting Shipname: Alpha 1
$Ship Choices: (
	"GVF Seth"	8
	"GVF Horus"	4
	"GVF Thoth"	12
	"GVF Serapis"	12
	"GVF Tauret"	12
	"GVB Sekhmet"	4
	"GVF Serapis Elite"	1
	"GVB Hathor"	1
)

+Weaponry Pool: (
	"Mekhu HL-7"	16
	"Morning Star"	16
	"Prometheus S"	28
	"Maxim"	16
	"UD-8 Kayser"	16
	"Circe"	100
	"Fire Spitter"	12
	"Hell Spitter"	8
	"Hayg Mas"	20
	"Sehku"	20
	"Sahr AS"	20
	"Rockeye"	400
	"Tempest"	5840
	"Hornet"	1200
	"Tornado"	1120
	"Harpoon"	320
	"Trebuchet"	224
	"TAG-B"	4000
	"Piranha"	30
	"Cyclops"	60
)

#Objects		;! 165 total

$Name: Alpha 1		;! Object #0
$Class: GVF Tauret
$Team: Friendly
$Location: 0.000000, 0.000000, 0.000000
$Orientation:
	1.000000, 0.000000, 0.000000,
	0.000000, 1.000000, 0.000000,
	0.000000, 0.000000, 1.000000
$AI Behavior: None
$Cargo 1:  XSTR("Nothing", -1)
+Initial Hull: 100
+Subsystem: Pilot
+Primary Banks: ( "Sehku" "Prometheus S" )
+Secondary Banks: ( "Trebuchet" "Tempest" )
$Arrival Location: Hyperspace
$Arrival Cue: ( false ) 
$Departure Location: Hyperspace
$Departure Cue: ( false ) 
$Determination: 10
+Flags: ( "cargo-known" "player-start" )
+Flags2: ( )
+Respawn priority: 0
+Group: 0
+Score: 8

$Name: Alpha 2		;! Object #1
$Class: GVF Tauret
$Team: Friendly
$Location: -30.505060, 0.000000, -23.709394
$Orientation:
	1.000000, 0.000000, 0.000000,
	0.000000, 1.000000, 0.000000,
	0.000000, 0.000000, 1.000000
$AI Behavior: None
+AI Class: Colonel
$Cargo 1:  XSTR("Nothing", -1)
+Initial Hull: 100
+Subsystem: Pilot
+Primary Banks: ( "Sehku" "Prometheus S" )
+Secondary Banks: ( "Trebuchet" "Tempest" )
$Arrival Location: Hyperspace
$Arrival Cue: ( false ) 
$Departure Location: Hyperspace
$Departure Cue: ( false ) 
$Determination: 10
+Flags: ( "cargo-known" )
+Flags2: ( )
+Respawn priority: 0
+Group: 0
+Score: 12

$Name: Alpha 3		;! Object #2
$Class: GVF Tauret
$Team: Friendly
$Location: 44.342419, 0.000000, -28.694843
$Orientation:
	1.000000, 0.000000, 0.000000,
	0.000000, 1.000000, 0.000000,
	0.000000, 0.000000, 1.000000
$AI Behavior: None
+AI Class: Colonel
$Cargo 1:  XSTR("Nothing", -1)
+Initial Hull: 100
+Subsystem: Pilot
+Primary Banks: ( "Sehku" "Prometheus S" )
+Secondary Banks: ( "Trebuchet" "Tempest" )
$Arrival Location: Hyperspace
$Arrival Cue: ( false ) 
$Departure Location: Hyperspace
$Departure Cue: ( false ) 
$Determination: 10
+Flags: ( "cargo-known" )
+Flags2: ( )
+Respawn priority: 0
+Group: 0
+Score: 12

$Name: Alpha 4		;! Object #3
$Class: GVF Tauret
$Team: Friendly
$Location: 68.784981, 0.000003, -57.855278
$Orientation:
	1.000000, 0.000000, 0.000000,
	0.000000, 1.000000, 0.000000,
	0.000000, 0.000000, 1.000000
$AI Behavior: None
+AI Class: Colonel
$Cargo 1:  XSTR("Nothing", -1)
+Initial Hull: 100
+Subsystem: Pilot
+Primary Banks: ( "Sehku" "Prometheus S" )
+Secondary Banks: ( "Trebuchet" "Tempest" )
$Arrival Location: Hyperspace
$Arrival Cue: ( false ) 
$Departure Location: Hyperspace
$Departure Cue: ( false ) 
$Determination: 10
+Flags: ( "cargo-known" )
+Flags2: ( )
+Respawn priority: 0
+Group: 0
+Score: 12

$Name: Fox		;! Object #4
$Class: GTA Charybdis
$Team: Friendly
$Location: -222.751251, 79.004074, -325.927643
$Orientation:
	-0.059169, -0.998248, 0.000000,
	0.998248, -0.059169, 0.000000,
	0.000000, 0.000000, 1.000000
$AI Behavior: None
+AI Class: Big
$Cargo 1:  XSTR("Nothing", -1)
+Initial Velocity: 33
+Initial Hull: 100
+Initial Shields: 100
+Subsystem: Pilot
+Subsystem: turret01
+Subsystem: turret02
+Subsystem: turret03
+Subsystem: turret04
+Subsystem: turret05
+Subsystem: turret06
$Arrival Location: Hyperspace
+Arrival Delay: 4
$Arrival Cue: ( true ) 
$Departure Location: Hyperspace
$Departure Cue: ( has-arrived-delay 16 "Blade" ) 
$Determination: 10
+Flags: ( "cargo-known" "no-shields" "escort" )
+Flags2: ( )
+Respawn priority: 0
+Escort priority: 10
+Orders Accepted: 1		;! note that this is a bitfield!!!
+Group: 0
+Use Table Score:
+Score: 150

$Name: Susl'Arh Morc		;! Object #5
$Class: SD Demon
$Team: Hostile
$Location: -847.670776, -387.952423, 6956.957031
$Orientation:
	0.618917, -0.783607, 0.053861,
	-0.106995, -0.016177, 0.994128,
	-0.778135, -0.621046, -0.093854
$AI Behavior: None
+AI Class: Big
$Cargo 1:  XSTR("Nothing", -1)
+Initial Velocity: 33
+Initial Hull: 100
+Initial Shields: 100
+Subsystem: Pilot
+Subsystem: turret01-base
+Subsystem: turret02-base
+Subsystem: turret03a-base
+Primary Banks: ( "MRedUp" )
+Subsystem: turret04-base
+Subsystem: turret05-base
+Subsystem: turret06a-base
+Primary Banks: ( "MRed" )
+Subsystem: turret07a-base
+Primary Banks: ( "MRed" )
+Subsystem: turret08-base
+Primary Banks: ( "Fast Flak" )
+Subsystem: turret09-base
+Primary Banks: ( "Fast Flak" )
+Subsystem: turret10-base
+Primary Banks: ( "Fast Flak" )
+Subsystem: turret11-base
+Primary Banks: ( "Fast Flak" )
+Subsystem: turret12-base
+Primary Banks: ( "Fast Flak" )
+Subsystem: turret13-base
+Primary Banks: ( "Fast Flak" )
+Subsystem: turret14-base
+Primary Banks: ( "Fast Flak" )
+Subsystem: turret15-base
+Primary Banks: ( "Fast Flak" )
+Subsystem: turret16-base
+Primary Banks: ( "SAAA" )
+Subsystem: turret17-base
+Primary Banks: ( "SAAA" )
+Subsystem: turret18-base
+Primary Banks: ( "SAAA" )
+Subsystem: turret19-base
+Primary Banks: ( "SAAA" )
+Subsystem: turret20-base
+Primary Banks: ( "Fast Flak" )
+Subsystem: turret21-base
+Primary Banks: ( "Fast Flak" )
+Subsystem: turret22
+Secondary Banks: ( "Shivan Advanced Swarmer Bomb" )
+Sbank Ammo: ( 0 )
+Subsystem: turret23
+Secondary Banks: ( "Shivan Advanced Swarmer Bomb" )
+Sbank Ammo: ( 0 )
+Subsystem: turret24
+Secondary Banks: ( "Shivan Advanced Swarmer Bomb" )
+Sbank Ammo: ( 0 )
+Subsystem: turret25
+Secondary Banks: ( "Shivan Advanced Swarmer Bomb" )
+Sbank Ammo: ( 0 )
+Subsystem: turret26
+Secondary Banks: ( "Shivan Advanced Swarmer Bomb" )
+Sbank Ammo: ( 0 )
$Arrival Location: Hyperspace
$Arrival Cue: ( true ) 
$Departure Location: Hyperspace
$Departure Cue: ( false ) 
$Determination: 10
+Flags: ( "no-shields" "escort" )
+Flags2: ( )
+Respawn priority: 0
+Escort priority: 20
+Orders Accepted: 0		;! note that this is a bitfield!!!
+Group: 0
+Use Table Score:
+Score: 840

$Name: Aries 1		;! Object #6
$Class: SF Manticore
$Team: Hostile
$Location: -1492.689697, -0.001766, 5546.572266
$Orientation:
	-0.095623, -0.915832, 0.390010,
	-0.230013, -0.360873, -0.903806,
	0.968478, -0.176133, -0.176145
$AI Behavior: None
+AI Class: Major
$Cargo 1:  XSTR("Nothing", -1)
+Initial Velocity: 33
+Subsystem: Pilot
+Primary Banks: ( "Shivan Anticap Laser" )
+Secondary Banks: ( "Tempest#Shivan" "Tempest#Shivan" )
$Arrival Location: Hyperspace
$Arrival Cue: ( false ) 
$Departure Location: Hyperspace
$Departure Cue: ( false ) 
$Determination: 10
+Flags: ( )
+Flags2: ( )
+Respawn priority: 0
+Orders Accepted: 0		;! note that this is a bitfield!!!
+Group: 0
+Use Table Score:
+Score: 12

$Name: Aries 2		;! Object #7
$Class: SF Manticore
$Team: Hostile
$Location: -1669.524414, -36.465649, 5606.137207
$Orientation:
	-0.095623, -0.915832, 0.390011,
	-0.230013, -0.360873, -0.903806,
	0.968478, -0.176132, -0.176145
$AI Behavior: None
+AI Class: Major
$Cargo 1:  XSTR("Nothing", -1)
+Initial Velocity: 33
+Subsystem: Pilot
+Primary Banks: ( "Shivan Anticap Laser" )
+Secondary Banks: ( "Tempest#Shivan" "Tempest#Shivan" )
$Arrival Location: Hyperspace
$Arrival Cue: ( false ) 
$Departure Location: Hyperspace
$Departure Cue: ( false ) 
$Determination: 10
+Flags: ( )
+Flags2: ( )
+Respawn priority: 0
+Orders Accepted: 0		;! note that this is a bitfield!!!
+Group: 0
+Use Table Score:
+Score: 12

$Name: Aries 3		;! Object #8
$Class: SF Manticore
$Team: Hostile
$Location: -1682.614746, 67.290161, 5568.038574
$Orientation:
	-0.095623, -0.915832, 0.390011,
	-0.230013, -0.360873, -0.903806,
	0.968478, -0.176132, -0.176145
$AI Behavior: None
+AI Class: Major
$Cargo 1:  XSTR("Nothing", -1)
+Initial Velocity: 33
+Subsystem: Pilot
+Primary Banks: ( "Shivan Anticap Laser" )
+Secondary Banks: ( "Tempest#Shivan" "Tempest#Shivan" )
$Arrival Location: Hyperspace
$Arrival Cue: ( false ) 
$Departure Location: Hyperspace
$Departure Cue: ( false ) 
$Determination: 10
+Flags: ( )
+Flags2: ( )
+Respawn priority: 0
+Orders Accepted: 0		;! note that this is a bitfield!!!
+Group: 0
+Use Table Score:
+Score: 12

$Name: Aries 4		;! Object #9
$Class: SF Manticore
$Team: Hostile
$Location: -1507.713135, 98.779694, 5510.952637
$Orientation:
	-0.095623, -0.915832, 0.390011,
	-0.230013, -0.360873, -0.903806,
	0.968478, -0.176132, -0.176145
$AI Behavior: None
+AI Class: Major
$Cargo 1:  XSTR("Nothing", -1)
+Initial Velocity: 33
+Subsystem: Pilot
+Primary Banks: ( "Shivan Anticap Laser" )
+Secondary Banks: ( "Tempest#Shivan" "Tempest#Shivan" )
$Arrival Location: Hyperspace
$Arrival Cue: ( false ) 
$Departure Location: Hyperspace
$Departure Cue: ( false ) 
$Determination: 10
+Flags: ( )
+Flags2: ( )
+Respawn priority: 0
+Orders Accepted: 0		;! note that this is a bitfield!!!
+Group: 0
+Use Table Score:
+Score: 12

$Name: Cancer 1		;! Object #10
$Class: SF Basilisk
$Team: Hostile
$Location: -119.495483, -107.215576, 5438.852051
$Orientation:
	0.307361, 0.188713, -0.932693,
	0.951359, -0.039194, 0.305582,
	0.021112, -0.981250, -0.191581
$AI Behavior: None
+AI Class: Colonel
$Cargo 1:  XSTR("Nothing", -1)
+Initial Velocity: 33
+Subsystem: Pilot
+Primary Banks: ( "Shivan Anticap Laser" "Shivan Heavy Laser Up" )
+Secondary Banks: ( "Tornado#Shivan" "Tempest#Shivan" )
$Arrival Location: Hyperspace
$Arrival Cue: ( false ) 
$Departure Location: Hyperspace
$Departure Cue: ( false ) 
$Determination: 10
+Flags: ( )
+Flags2: ( )
+Respawn priority: 0
+Orders Accepted: 0		;! note that this is a bitfield!!!
+Group: 0
+Use Table Score:
+Score: 12

$Name: Cancer 2		;! Object #11
$Class: SF Basilisk
$Team: Hostile
$Location: -82.251831, -56.609959, 5373.387695
$Orientation:
	0.307361, 0.188713, -0.932693,
	0.951359, -0.039194, 0.305582,
	0.021112, -0.981250, -0.191581
$AI Behavior: None
+AI Class: Colonel
$Cargo 1:  XSTR("Nothing", -1)
+Initial Velocity: 33
+Subsystem: Pilot
+Primary Banks: ( "Shivan Anticap Laser" "Shivan Heavy Laser Up" )
+Secondary Banks: ( "Tornado#Shivan" "Tempest#Shivan" )
$Arrival Location: Hyperspace
$Arrival Cue: ( false ) 
$Departure Location: Hyperspace
$Departure Cue: ( false ) 
$Determination: 10
+Flags: ( )
+Flags2: ( )
+Respawn priority: 0
+Orders Accepted: 0		;! note that this is a bitfield!!!
+Group: 0
+Use Table Score:
+Score: 12

$Name: Cancer 3		;! Object #12
$Class: SF Basilisk
$Team: Hostile
$Location: -101.754150, 22.927534, 5459.916992
$Orientation:
	0.307361, 0.188713, -0.932693,
	0.951359, -0.039194, 0.305582,
	0.021112, -0.981250, -0.191581
$AI Behavior: None
+AI Class: Colonel
$Cargo 1:  XSTR("Nothing", -1)
+Initial Velocity: 33
+Subsystem: Pilot
+Primary Banks: ( "Shivan Anticap Laser" "Shivan Heavy Laser Up" )
+Secondary Banks: ( "Tornado#Shivan" "Tempest#Shivan" )
$Arrival Location: Hyperspace
$Arrival Cue: ( false ) 
$Departure Location: Hyperspace
$Departure Cue: ( false ) 
$Determination: 10
+Flags: ( )
+Flags2: ( )
+Respawn priority: 0
+Orders Accepted: 0		;! note that this is a bitfield!!!
+Group: 0
+Use Table Score:
+Score: 12

$Name: Cancer 4		;! Object #13
$Class: SF Basilisk
$Team: Hostile
$Location: -121.397095, -45.933529, 5473.662109
$Orientation:
	0.307361, 0.188713, -0.932693,
	0.951359, -0.039194, 0.305582,
	0.021112, -0.981250, -0.191581
$AI Behavior: None
+AI Class: Colonel
$Cargo 1:  XSTR("Nothing", -1)
+Initial Velocity: 33
+Subsystem: Pilot
+Primary Banks: ( "Shivan Anticap Laser" "Shivan Heavy Laser Up" )
+Secondary Banks: ( "Tornado#Shivan" "Tempest#Shivan" )
$Arrival Location: Hyperspace
$Arrival Cue: ( false ) 
$Departure Location: Hyperspace
$Departure Cue: ( false ) 
$Determination: 10
+Flags: ( )
+Flags2: ( )
+Respawn priority: 0
+Orders Accepted: 0		;! note that this is a bitfield!!!
+Group: 0
+Use Table Score:
+Score: 12

$Name: Aquarius 1		;! Object #14
$Class: SB Nephilim
$Team: Hostile
$Location: -687.902466, -204.879913, 5292.648926
$Orientation:
	0.424596, -0.863210, -0.273108,
	-0.725994, -0.504846, 0.466972,
	-0.540972, 0.000000, -0.841041
$AI Behavior: None
$Cargo 1:  XSTR("Nothing", -1)
+Initial Velocity: 33
+Initial Hull: 100
+Subsystem: Pilot
+Subsystem: turret01
+Subsystem: turret02
$Arrival Location: Hyperspace
$Arrival Cue: ( false ) 
$Departure Location: Hyperspace
$Departure Cue: ( false ) 
$Determination: 10
+Flags: ( )
+Flags2: ( )
+Respawn priority: 0
+Orders Accepted: 0		;! note that this is a bitfield!!!
+Group: 0
+Use Table Score:
+Score: 11

$Name: Aquarius 2		;! Object #15
$Class: SB Nephilim
$Team: Hostile
$Location: -799.053345, -86.747696, 5247.579590
$Orientation:
	0.424596, -0.863210, -0.273107,
	-0.725994, -0.504846, 0.466972,
	-0.540972, 0.000000, -0.841040
$AI Behavior: None
$Cargo 1:  XSTR("Nothing", -1)
+Initial Velocity: 33
+Initial Hull: 100
+Subsystem: Pilot
+Subsystem: turret01
+Subsystem: turret02
$Arrival Location: Hyperspace
$Arrival Cue: ( false ) 
$Departure Location: Hyperspace
$Departure Cue: ( false ) 
$Determination: 10
+Flags: ( )
+Flags2: ( )
+Respawn priority: 0
+Orders Accepted: 0		;! note that this is a bitfield!!!
+Group: 0
+Use Table Score:
+Score: 11

$Name: Aquarius 3		;! Object #16
$Class: SB Nephilim
$Team: Hostile
$Location: -755.221985, -282.334747, 5104.257324
$Orientation:
	0.424596, -0.863210, -0.273107,
	-0.725994, -0.504846, 0.466972,
	-0.540972, 0.000000, -0.841040
$AI Behavior: None
$Cargo 1:  XSTR("Nothing", -1)
+Initial Velocity: 33
+Initial Hull: 100
+Subsystem: Pilot
+Subsystem: turret01
+Subsystem: turret02
$Arrival Location: Hyperspace
$Arrival Cue: ( false ) 
$Departure Location: Hyperspace
$Departure Cue: ( false ) 
$Determination: 10
+Flags: ( )
+Flags2: ( )
+Respawn priority: 0
+Orders Accepted: 0		;! note that this is a bitfield!!!
+Group: 0
+Use Table Score:
+Score: 11

$Name: Aquarius 4		;! Object #17
$Class: SB Nephilim
$Team: Hostile
$Location: -740.715881, -100.593613, 5323.297363
$Orientation:
	0.424596, -0.863210, -0.273107,
	-0.725994, -0.504846, 0.466972,
	-0.540972, 0.000000, -0.841040
$AI Behavior: None
$Cargo 1:  XSTR("Nothing", -1)
+Initial Velocity: 33
+Initial Hull: 100
+Subsystem: Pilot
+Subsystem: turret01
+Subsystem: turret02
$Arrival Location: Hyperspace
$Arrival Cue: ( false ) 
$Departure Location: Hyperspace
$Departure Cue: ( false ) 
$Determination: 10
+Flags: ( )
+Flags2: ( )
+Respawn priority: 0
+Orders Accepted: 0		;! note that this is a bitfield!!!
+Group: 0
+Use Table Score:
+Score: 11

$Name: Virgo 1		;! Object #18
$Class: SF Mara
$Team: Hostile
$Location: -465.458954, -204.879837, 5295.778809
$Orientation:
	-0.446030, -0.824886, 0.347306,
	-0.650847, 0.565299, 0.506789,
	-0.614375, 0.000000, -0.789015
$AI Behavior: None
$Cargo 1:  XSTR("Nothing", -1)
+Initial Velocity: 33
+Initial Hull: 100
+Subsystem: Pilot
$Arrival Location: Hyperspace
$Arrival Cue: ( false ) 
$Departure Location: Hyperspace
$Departure Cue: ( false ) 
$Determination: 10
+Flags: ( )
+Flags2: ( )
+Respawn priority: 0
+Orders Accepted: 0		;! note that this is a bitfield!!!
+Group: 0
+Use Table Score:
+Score: 12

$Name: Virgo 2		;! Object #19
$Class: SF Mara
$Team: Hostile
$Location: -517.474365, -194.641464, 5217.557617
$Orientation:
	-0.446030, -0.824886, 0.347306,
	-0.650847, 0.565300, 0.506789,
	-0.614374, 0.000000, -0.789015
$AI Behavior: None
$Cargo 1:  XSTR("Nothing", -1)
+Initial Velocity: 33
+Initial Hull: 100
+Subsystem: Pilot
$Arrival Location: Hyperspace
$Arrival Cue: ( false ) 
$Departure Location: Hyperspace
$Departure Cue: ( false ) 
$Determination: 10
+Flags: ( )
+Flags2: ( )
+Respawn priority: 0
+Orders Accepted: 0		;! note that this is a bitfield!!!
+Group: 0
+Use Table Score:
+Score: 12

$Name: Virgo 3		;! Object #20
$Class: SF Mara
$Team: Hostile
$Location: -517.347412, -303.778900, 5339.463379
$Orientation:
	-0.446030, -0.824886, 0.347306,
	-0.650847, 0.565300, 0.506789,
	-0.614374, 0.000000, -0.789015
$AI Behavior: None
$Cargo 1:  XSTR("Nothing", -1)
+Initial Velocity: 33
+Initial Hull: 100
+Subsystem: Pilot
$Arrival Location: Hyperspace
$Arrival Cue: ( false ) 
$Departure Location: Hyperspace
$Departure Cue: ( false ) 
$Determination: 10
+Flags: ( )
+Flags2: ( )
+Respawn priority: 0
+Orders Accepted: 0		;! note that this is a bitfield!!!
+Group: 0
+Use Table Score:
+Score: 12

$Name: Blade 1		;! Object #21
$Class: GVCv Sobek
$Team: Friendly
$Location: 3313.376709, -0.000092, 6913.771973
$Orientation:
	0.125921, 0.378967, 0.916803,
	0.094006, 0.915443, -0.391316,
	-0.987577, 0.135459, 0.079648
$AI Behavior: None
+AI Class: Big
$Cargo 1:  XSTR("Nothing", -1)
+Initial Velocity: 33
+Initial Hull: 100
+Initial Shields: 100
+Subsystem: Pilot
+Subsystem: turret01
+Primary Banks: ( "Wraith" )
+Subsystem: turret02
+Primary Banks: ( "Wraith" )
+Subsystem: turret03
+Subsystem: turret04
+Subsystem: turret05
+Primary Banks: ( "Wraith" )
+Subsystem: turret06
+Subsystem: turret07
+Subsystem: turret08
+Subsystem: turret09
+Subsystem: turret10
+Subsystem: turret11
+Subsystem: turret12
+Subsystem: turret13
+Subsystem: turret14
+Subsystem: turret15
+Subsystem: turret16
+Subsystem: turret17
+Subsystem: turret18
+Subsystem: turret19
+Subsystem: turret20
+Subsystem: turret21
+Subsystem: turret22
$Arrival Location: Hyperspace
$Arrival Cue: ( false ) 
$Departure Location: Hyperspace
$Departure Cue: ( false ) 
$Determination: 10
+Flags: ( "cargo-known" "no-shields" "escort" )
+Flags2: ( )
+Respawn priority: 0
+Escort priority: 13
+Orders Accepted: 0		;! note that this is a bitfield!!!
+Group: 0
+Use Table Score:
+Score: 400

$Name: Blade 2		;! Object #22
$Class: GVCv Sobek
$Team: Friendly
$Location: 3158.829590, -549.890991, 7422.074707
$Orientation:
	-0.136634, 0.375237, 0.916803,
	-0.494794, 0.775920, -0.391316,
	-0.858202, -0.507095, 0.079648
$AI Behavior: None
+AI Class: Big
$Cargo 1:  XSTR("Nothing", -1)
+Initial Velocity: 33
+Initial Hull: 100
+Initial Shields: 100
+Subsystem: Pilot
+Subsystem: turret01
+Primary Banks: ( "Wraith" )
+Subsystem: turret02
+Primary Banks: ( "Wraith" )
+Subsystem: turret03
+Subsystem: turret04
+Subsystem: turret05
+Primary Banks: ( "Wraith" )
+Subsystem: turret06
+Subsystem: turret07
+Subsystem: turret08
+Subsystem: turret09
+Subsystem: turret10
+Subsystem: turret11
+Subsystem: turret12
+Subsystem: turret13
+Subsystem: turret14
+Subsystem: turret15
+Subsystem: turret16
+Subsystem: turret17
+Subsystem: turret18
+Subsystem: turret19
+Subsystem: turret20
+Subsystem: turret21
+Subsystem: turret22
$Arrival Location: Hyperspace
$Arrival Cue: ( false ) 
$Departure Location: Hyperspace
$Departure Cue: ( false ) 
$Determination: 10
+Flags: ( "cargo-known" "no-shields" "escort" )
+Flags2: ( )
+Respawn priority: 0
+Escort priority: 12
+Orders Accepted: 0		;! note that this is a bitfield!!!
+Group: 0
+Use Table Score:
+Score: 400

$Name: Beta 1		;! Object #23
$Class: GVF Serapis
$Team: Friendly
$Location: 3656.109619, -0.000043, 7464.377441
$Orientation:
	0.040785, 0.000000, 0.999168,
	0.000000, 1.000000, 0.000000,
	-0.999168, 0.000000, 0.040785
$AI Behavior: None
+AI Class: Dog_Fighter
$Cargo 1:  XSTR("Nothing", -1)
+Initial Hull: 100
+Subsystem: Pilot
+Primary Banks: ( "Prometheus S" "Fire Spitter" )
+Secondary Banks: ( "Tempest" "Tempest" )
$Arrival Location: Hyperspace
$Arrival Cue: ( false ) 
$Departure Location: Hyperspace
$Departure Cue: ( false ) 
$Determination: 10
+Flags: ( "cargo-known" )
+Flags2: ( )
+Respawn priority: 0
+Group: 0
+Score: 10

$Name: Beta 2		;! Object #24
$Class: GVF Serapis
$Team: Friendly
$Location: 3674.190674, -0.000034, 7490.991699
$Orientation:
	0.040785, -0.000000, 0.999168,
	0.000000, 1.000000, 0.000000,
	-0.999168, 0.000000, 0.040785
$AI Behavior: None
+AI Class: Dog_Fighter
$Cargo 1:  XSTR("Nothing", -1)
+Initial Hull: 100
+Subsystem: Pilot
+Primary Banks: ( "Prometheus S" "Fire Spitter" )
+Secondary Banks: ( "Tempest" "Tempest" )
$Arrival Location: Hyperspace
$Arrival Cue: ( false ) 
$Departure Location: Hyperspace
$Departure Cue: ( false ) 
$Determination: 10
+Flags: ( "cargo-known" )
+Flags2: ( )
+Respawn priority: 0
+Group: 0
+Score: 10

$Name: Beta 3		;! Object #25
$Class: GVF Serapis
$Team: Friendly
$Location: 3692.591064, -0.000051, 7433.349121
$Orientation:
	0.040785, -0.000000, 0.999168,
	0.000000, 1.000000, 0.000000,
	-0.999168, 0.000000, 0.040785
$AI Behavior: None
+AI Class: Dog_Fighter
$Cargo 1:  XSTR("Nothing", -1)
+Initial Hull: 100
+Subsystem: Pilot
+Primary Banks: ( "Prometheus S" "Fire Spitter" )
+Secondary Banks: ( "Tempest" "Tempest" )
$Arrival Location: Hyperspace
$Arrival Cue: ( false ) 
$Departure Location: Hyperspace
$Departure Cue: ( false ) 
$Determination: 10
+Flags: ( "cargo-known" )
+Flags2: ( )
+Respawn priority: 0
+Group: 0
+Score: 10

$Name: Beta 4		;! Object #26
$Class: GVF Serapis
$Team: Friendly
$Location: 3707.311279, -0.000052, 7519.945801
$Orientation:
	0.040785, -0.000000, 0.999168,
	0.000000, 1.000000, 0.000000,
	-0.999168, 0.000000, 0.040785
$AI Behavior: None
+AI Class: Dog_Fighter
$Cargo 1:  XSTR("Nothing", -1)
+Initial Hull: 100
+Subsystem: Pilot
+Primary Banks: ( "Prometheus S" "Fire Spitter" )
+Secondary Banks: ( "Tempest" "Tempest" )
$Arrival Location: Hyperspace
$Arrival Cue: ( false ) 
$Departure Location: Hyperspace
$Departure Cue: ( false ) 
$Determination: 10
+Flags: ( "cargo-known" )
+Flags2: ( )
+Respawn priority: 0
+Group: 0
+Score: 10

$Name: Zeta 1		;! Object #27
$Class: GVB Bakha
$Team: Friendly
$Location: 3680.324707, -0.000071, 7206.521484
$Orientation:
	-0.079121, 0.000000, 0.996865,
	0.000000, 1.000000, 0.000000,
	-0.996865, 0.000000, -0.079121
$AI Behavior: None
+AI Class: Cap_Killer
$Cargo 1:  XSTR("Nothing", -1)
+Initial Velocity: 33
+Initial Hull: 100
+Subsystem: Pilot
+Primary Banks: ( "Prometheus S" "Prometheus S" )
$Arrival Location: Hyperspace
$Arrival Cue: ( false ) 
$Departure Location: Hyperspace
$Departure Cue: ( false ) 
$Determination: 10
+Flags: ( "cargo-known" )
+Flags2: ( )
+Respawn priority: 0
+Orders Accepted: 0		;! note that this is a bitfield!!!
+Group: 0
+Use Table Score:
+Score: 13

$Name: Zeta 2		;! Object #28
$Class: GVB Bakha
$Team: Friendly
$Location: 3679.379150, -0.000061, 7263.681641
$Orientation:
	-0.079121, 0.000000, 0.996865,
	0.000000, 1.000000, 0.000000,
	-0.996865, 0.000000, -0.079121
$AI Behavior: None
+AI Class: Cap_Killer
$Cargo 1:  XSTR("Nothing", -1)
+Initial Velocity: 33
+Initial Hull: 100
+Subsystem: Pilot
+Primary Banks: ( "Prometheus S" "Prometheus S" )
$Arrival Location: Hyperspace
$Arrival Cue: ( false ) 
$Departure Location: Hyperspace
$Departure Cue: ( false ) 
$Determination: 10
+Flags: ( "cargo-known" )
+Flags2: ( )
+Respawn priority: 0
+Orders Accepted: 0		;! note that this is a bitfield!!!
+Group: 0
+Use Table Score:
+Score: 13

$Name: Zeta 3		;! Object #29
$Class: GVB Bakha
$Team: Friendly
$Location: 3689.944580, 36.359013, 7235.864258
$Orientation:
	-0.079121, 0.000000, 0.996865,
	0.000000, 1.000000, 0.000000,
	-0.996865, 0.000000, -0.079121
$AI Behavior: None
+AI Class: Cap_Killer
$Cargo 1:  XSTR("Nothing", -1)
+Initial Velocity: 33
+Initial Hull: 100
+Subsystem: Pilot
+Primary Banks: ( "Prometheus S" "Prometheus S" )
$Arrival Location: Hyperspace
$Arrival Cue: ( false ) 
$Departure Location: Hyperspace
$Departure Cue: ( false ) 
$Determination: 10
+Flags: ( "cargo-known" )
+Flags2: ( )
+Respawn priority: 0
+Orders Accepted: 0		;! note that this is a bitfield!!!
+Group: 0
+Use Table Score:
+Score: 13

$Name: Zeta 4		;! Object #30
$Class: GVB Bakha
$Team: Friendly
$Location: 3670.171631, -22.105759, 7244.737305
$Orientation:
	-0.079121, 0.000000, 0.996865,
	0.000000, 1.000000, 0.000000,
	-0.996865, 0.000000, -0.079121
$AI Behavior: None
+AI Class: Cap_Killer
$Cargo 1:  XSTR("Nothing", -1)
+Initial Velocity: 33
+Initial Hull: 100
+Subsystem: Pilot
+Primary Banks: ( "Prometheus S" "Prometheus S" )
$Arrival Location: Hyperspace
$Arrival Cue: ( false ) 
$Departure Location: Hyperspace
$Departure Cue: ( false ) 
$Determination: 10
+Flags: ( "cargo-known" )
+Flags2: ( )
+Respawn priority: 0
+Orders Accepted: 0		;! note that this is a bitfield!!!
+Group: 0
+Use Table Score:
+Score: 13

$Name: Libra 1		;! Object #31
$Class: SF Mara
$Team: Hostile
$Location: -1188.295288, -0.000049, 8172.925781
$Orientation:
	1.000000, 0.000000, 0.000000,
	0.000000, 1.000000, 0.000000,
	0.000000, 0.000000, 1.000000
$AI Behavior: None
+AI Class: General
$Cargo 1:  XSTR("Nothing", -1)
+Initial Velocity: 33
+Initial Hull: 100
+Subsystem: Pilot
+Primary Banks: ( "Shivan Anticap Laser" "Shivan Heavy Laser Up" )
+Secondary Banks: ( "Tornado#Shivan" "Tempest#Shivan" )
$Arrival Location: Hyperspace
$Arrival Cue: ( false ) 
$Departure Location: Hyperspace
$Departure Cue: ( false ) 
$Determination: 10
+Flags: ( )
+Flags2: ( )
+Respawn priority: 0
+Orders Accepted: 0		;! note that this is a bitfield!!!
+Group: 0
+Use Table Score:
+Score: 12

$Name: Libra 2		;! Object #32
$Class: SF Mara
$Team: Hostile
$Location: -1044.803223, -0.000057, 8163.864258
$Orientation:
	1.000000, 0.000000, 0.000000,
	0.000000, 1.000000, 0.000000,
	0.000000, 0.000000, 1.000000
$AI Behavior: None
+AI Class: General
$Cargo 1:  XSTR("Nothing", -1)
+Initial Velocity: 33
+Initial Hull: 100
+Subsystem: Pilot
+Primary Banks: ( "Shivan Anticap Laser" "Shivan Heavy Laser Up" )
+Secondary Banks: ( "Tornado#Shivan" "Tempest#Shivan" )
$Arrival Location: Hyperspace
$Arrival Cue: ( false ) 
$Departure Location: Hyperspace
$Departure Cue: ( false ) 
$Determination: 10
+Flags: ( )
+Flags2: ( )
+Respawn priority: 0
+Orders Accepted: 0		;! note that this is a bitfield!!!
+Group: 0
+Use Table Score:
+Score: 12

$Name: Libra 3		;! Object #33
$Class: SF Mara
$Team: Hostile
$Location: -1094.400024, -0.000026, 8091.555176
$Orientation:
	1.000000, 0.000000, 0.000000,
	0.000000, 1.000000, 0.000000,
	0.000000, 0.000000, 1.000000
$AI Behavior: None
+AI Class: General
$Cargo 1:  XSTR("Nothing", -1)
+Initial Velocity: 33
+Initial Hull: 100
+Subsystem: Pilot
+Primary Banks: ( "Shivan Anticap Laser" "Shivan Heavy Laser Up" )
+Secondary Banks: ( "Tornado#Shivan" "Tempest#Shivan" )
$Arrival Location: Hyperspace
$Arrival Cue: ( false ) 
$Departure Location: Hyperspace
$Departure Cue: ( false ) 
$Determination: 10
+Flags: ( )
+Flags2: ( )
+Respawn priority: 0
+Orders Accepted: 0		;! note that this is a bitfield!!!
+Group: 0
+Use Table Score:
+Score: 12

$Name: Libra 4		;! Object #34
$Class: SF Mara
$Team: Hostile
$Location: -1183.931519, -0.000082, 8064.733398
$Orientation:
	1.000000, 0.000000, 0.000000,
	0.000000, 1.000000, 0.000000,
	0.000000, 0.000000, 1.000000
$AI Behavior: None
+AI Class: General
$Cargo 1:  XSTR("Nothing", -1)
+Initial Velocity: 33
+Initial Hull: 100
+Subsystem: Pilot
+Primary Banks: ( "Shivan Anticap Laser" "Shivan Heavy Laser Up" )
+Secondary Banks: ( "Tornado#Shivan" "Tempest#Shivan" )
$Arrival Location: Hyperspace
$Arrival Cue: ( false ) 
$Departure Location: Hyperspace
$Departure Cue: ( false ) 
$Determination: 10
+Flags: ( )
+Flags2: ( )
+Respawn priority: 0
+Orders Accepted: 0		;! note that this is a bitfield!!!
+Group: 0
+Use Table Score:
+Score: 12

$Name: Libra 5		;! Object #35
$Class: SF Mara
$Team: Hostile
$Location: -998.603577, -0.000048, 8078.309082
$Orientation:
	1.000000, 0.000000, 0.000000,
	0.000000, 1.000000, 0.000000,
	0.000000, 0.000000, 1.000000
$AI Behavior: None
+AI Class: General
$Cargo 1:  XSTR("Nothing", -1)
+Initial Velocity: 33
+Initial Hull: 100
+Subsystem: Pilot
+Primary Banks: ( "Shivan Anticap Laser" "Shivan Heavy Laser Up" )
+Secondary Banks: ( "Tornado#Shivan" "Tempest#Shivan" )
$Arrival Location: Hyperspace
$Arrival Cue: ( false ) 
$Departure Location: Hyperspace
$Departure Cue: ( false ) 
$Determination: 10
+Flags: ( )
+Flags2: ( )
+Respawn priority: 0
+Orders Accepted: 0		;! note that this is a bitfield!!!
+Group: 0
+Use Table Score:
+Score: 12

$Name: Libra 6		;! Object #36
$Class: SF Mara
$Team: Hostile
$Location: -1059.016357, 0.000092, 8025.247070
$Orientation:
	1.000000, 0.000000, 0.000000,
	0.000000, 1.000000, 0.000000,
	0.000000, 0.000000, 1.000000
$AI Behavior: None
+AI Class: General
$Cargo 1:  XSTR("Nothing", -1)
+Initial Velocity: 33
+Initial Hull: 100
+Subsystem: Pilot
+Primary Banks: ( "Shivan Anticap Laser" "Shivan Heavy Laser Up" )
+Secondary Banks: ( "Tornado#Shivan" "Tempest#Shivan" )
$Arrival Location: Hyperspace
$Arrival Cue: ( false ) 
$Departure Location: Hyperspace
$Departure Cue: ( false ) 
$Determination: 10
+Flags: ( )
+Flags2: ( )
+Respawn priority: 0
+Orders Accepted: 0		;! note that this is a bitfield!!!
+Group: 0
+Use Table Score:
+Score: 12

$Name: Taurus 1		;! Object #37
$Class: SB Taurvi
$Team: Hostile
$Location: -1310.802612, 0.000088, 7944.914551
$Orientation:
	1.000000, 0.000000, 0.000000,
	0.000000, 1.000000, 0.000000,
	0.000000, 0.000000, 1.000000
$AI Behavior: None
+AI Class: Cap_Killer
$Cargo 1:  XSTR("Nothing", -1)
+Initial Velocity: 33
+Initial Hull: 100
+Subsystem: Pilot
+Primary Banks: ( "Shivan Scatter Gun" "Shivan Heavy Anticap Laser" )
+Secondary Banks: ( "Shivan Mordiggian Bomb" "Shivan Mordiggian Bomb" )
$Arrival Location: Hyperspace
$Arrival Cue: ( false ) 
$Departure Location: Hyperspace
$Departure Cue: ( false ) 
$Determination: 10
+Flags: ( )
+Flags2: ( )
+Respawn priority: 0
+Orders Accepted: 0		;! note that this is a bitfield!!!
+Group: 0
+Use Table Score:
+Score: 10

$Name: Taurus 2		;! Object #38
$Class: SB Taurvi
$Team: Hostile
$Location: -1427.287964, 0.000087, 7932.586426
$Orientation:
	1.000000, 0.000000, 0.000000,
	0.000000, 1.000000, 0.000000,
	0.000000, 0.000000, 1.000000
$AI Behavior: None
+AI Class: Cap_Killer
$Cargo 1:  XSTR("Nothing", -1)
+Initial Velocity: 33
+Initial Hull: 100
+Subsystem: Pilot
+Primary Banks: ( "Shivan Scatter Gun" "Shivan Heavy Anticap Laser" )
+Secondary Banks: ( "Shivan Mordiggian Bomb" "Shivan Mordiggian Bomb" )
$Arrival Location: Hyperspace
$Arrival Cue: ( false ) 
$Departure Location: Hyperspace
$Departure Cue: ( false ) 
$Determination: 10
+Flags: ( )
+Flags2: ( )
+Respawn priority: 0
+Orders Accepted: 0		;! note that this is a bitfield!!!
+Group: 0
+Use Table Score:
+Score: 10

$Name: Taurus 3		;! Object #39
$Class: SB Taurvi
$Team: Hostile
$Location: -1396.462646, 0.000087, 7877.824707
$Orientation:
	1.000000, 0.000000, 0.000000,
	0.000000, 1.000000, 0.000000,
	0.000000, 0.000000, 1.000000
$AI Behavior: None
+AI Class: Cap_Killer
$Cargo 1:  XSTR("Nothing", -1)
+Initial Velocity: 33
+Initial Hull: 100
+Subsystem: Pilot
+Primary Banks: ( "Shivan Scatter Gun" "Shivan Heavy Anticap Laser" )
+Secondary Banks: ( "Shivan Mordiggian Bomb" "Shivan Mordiggian Bomb" )
$Arrival Location: Hyperspace
$Arrival Cue: ( false ) 
$Departure Location: Hyperspace
$Departure Cue: ( false ) 
$Determination: 10
+Flags: ( )
+Flags2: ( )
+Respawn priority: 0
+Orders Accepted: 0		;! note that this is a bitfield!!!
+Group: 0
+Use Table Score:
+Score: 10

$Name: Taurus 4		;! Object #40
$Class: SB Taurvi
$Team: Hostile
$Location: -1373.322388, 0.000087, 7977.938477
$Orientation:
	1.000000, 0.000000, 0.000000,
	0.000000, 1.000000, 0.000000,
	0.000000, 0.000000, 1.000000
$AI Behavior: None
+AI Class: Cap_Killer
$Cargo 1:  XSTR("Nothing", -1)
+Initial Velocity: 33
+Initial Hull: 100
+Subsystem: Pilot
+Primary Banks: ( "Shivan Scatter Gun" "Shivan Heavy Anticap Laser" )
+Secondary Banks: ( "Shivan Mordiggian Bomb" "Shivan Mordiggian Bomb" )
$Arrival Location: Hyperspace
$Arrival Cue: ( false ) 
$Departure Location: Hyperspace
$Departure Cue: ( false ) 
$Determination: 10
+Flags: ( )
+Flags2: ( )
+Respawn priority: 0
+Orders Accepted: 0		;! note that this is a bitfield!!!
+Group: 0
+Use Table Score:
+Score: 10

$Name: Kappa 1		;! Object #41
$Class: GVB Sekhmet
$Team: Friendly
$Location: -3214.377197, 24.129808, 7105.685059
$Orientation:
	-0.007828, -0.991665, 0.128607,
	0.060252, -0.128844, -0.989833,
	0.998153, 0.000000, 0.060759
$AI Behavior: None
+AI Class: General
$Cargo 1:  XSTR("Nothing", -1)
+Initial Velocity: 33
+Initial Hull: 100
+Subsystem: Pilot
+Primary Banks: ( "Hell Spitter" )
+Secondary Banks: ( "Cyclops" "Piranha" "Tempest" )
$Arrival Location: Hyperspace
$Arrival Cue: ( false ) 
$Departure Location: Hyperspace
$Departure Cue: ( false ) 
$Determination: 10
+Flags: ( "cargo-known" )
+Flags2: ( )
+Respawn priority: 0
+Orders Accepted: 0		;! note that this is a bitfield!!!
+Group: 0
+Use Table Score:
+Score: 10

$Name: Kappa 2		;! Object #42
$Class: GVB Sekhmet
$Team: Friendly
$Location: -3214.000488, 65.854454, 7124.649414
$Orientation:
	-0.007828, -0.991665, 0.128606,
	0.060252, -0.128844, -0.989833,
	0.998152, 0.000000, 0.060759
$AI Behavior: None
+AI Class: General
$Cargo 1:  XSTR("Nothing", -1)
+Initial Velocity: 33
+Initial Hull: 100
+Subsystem: Pilot
+Primary Banks: ( "Hell Spitter" )
+Secondary Banks: ( "Cyclops" "Piranha" "Tempest" )
$Arrival Location: Hyperspace
$Arrival Cue: ( false ) 
$Departure Location: Hyperspace
$Departure Cue: ( false ) 
$Determination: 10
+Flags: ( "cargo-known" )
+Flags2: ( )
+Respawn priority: 0
+Orders Accepted: 0		;! note that this is a bitfield!!!
+Group: 0
+Use Table Score:
+Score: 10

$Name: Kappa 3		;! Object #43
$Class: GVB Sekhmet
$Team: Friendly
$Location: -3213.394043, 36.931297, 7144.338379
$Orientation:
	-0.007828, -0.991665, 0.128606,
	0.060252, -0.128844, -0.989833,
	0.998152, 0.000000, 0.060759
$AI Behavior: None
+AI Class: General
$Cargo 1:  XSTR("Nothing", -1)
+Initial Velocity: 33
+Initial Hull: 100
+Subsystem: Pilot
+Primary Banks: ( "Hell Spitter" )
+Secondary Banks: ( "Cyclops" "Piranha" "Tempest" )
$Arrival Location: Hyperspace
$Arrival Cue: ( false ) 
$Departure Location: Hyperspace
$Departure Cue: ( false ) 
$Determination: 10
+Flags: ( "cargo-known" )
+Flags2: ( )
+Respawn priority: 0
+Orders Accepted: 0		;! note that this is a bitfield!!!
+Group: 0
+Use Table Score:
+Score: 10

$Name: Kappa 4		;! Object #44
$Class: GVB Sekhmet
$Team: Friendly
$Location: -3223.276855, -1.463560, 7132.846191
$Orientation:
	-0.007828, -0.991665, 0.128606,
	0.060252, -0.128844, -0.989833,
	0.998152, 0.000000, 0.060759
$AI Behavior: None
+AI Class: General
$Cargo 1:  XSTR("Nothing", -1)
+Initial Velocity: 33
+Initial Hull: 100
+Subsystem: Pilot
+Primary Banks: ( "Hell Spitter" )
+Secondary Banks: ( "Cyclops" "Piranha" "Tempest" )
$Arrival Location: Hyperspace
$Arrival Cue: ( false ) 
$Departure Location: Hyperspace
$Departure Cue: ( false ) 
$Determination: 10
+Flags: ( "cargo-known" )
+Flags2: ( )
+Respawn priority: 0
+Orders Accepted: 0		;! note that this is a bitfield!!!
+Group: 0
+Use Table Score:
+Score: 10

$Name: Gamma 1		;! Object #45
$Class: GVF Tauret
$Team: Friendly
$Location: -3255.138916, 180.529404, 7107.217285
$Orientation:
	-0.040628, -0.991665, 0.122272,
	0.312694, -0.128845, -0.941075,
	0.948985, 0.000000, 0.315322
$AI Behavior: None
+AI Class: Colonel
$Cargo 1:  XSTR("Nothing", -1)
+Initial Velocity: 33
+Initial Hull: 100
+Subsystem: Pilot
+Primary Banks: ( "Sehku" "Prometheus S" )
+Secondary Banks: ( "Trebuchet" "Tornado" )
$Arrival Location: Hyperspace
$Arrival Cue: ( false ) 
$Departure Location: Hyperspace
$Departure Cue: ( false ) 
$Determination: 10
+Flags: ( "cargo-known" )
+Flags2: ( )
+Respawn priority: 0
+Group: 0
+Use Table Score:
+Score: 10

$Name: Gamma 2		;! Object #46
$Class: GVF Tauret
$Team: Friendly
$Location: -3297.427002, 103.183830, 7114.711914
$Orientation:
	-0.040628, -0.991665, 0.122272,
	0.312694, -0.128845, -0.941075,
	0.948985, 0.000000, 0.315322
$AI Behavior: None
+AI Class: Colonel
$Cargo 1:  XSTR("Nothing", -1)
+Initial Velocity: 33
+Initial Hull: 100
+Subsystem: Pilot
+Primary Banks: ( "Sehku" "Prometheus S" )
+Secondary Banks: ( "Trebuchet" "Tornado" )
$Arrival Location: Hyperspace
$Arrival Cue: ( false ) 
$Departure Location: Hyperspace
$Departure Cue: ( false ) 
$Determination: 10
+Flags: ( "cargo-known" )
+Flags2: ( )
+Respawn priority: 0
+Group: 0
+Use Table Score:
+Score: 10

$Name: Gamma 3		;! Object #47
$Class: GVF Tauret
$Team: Friendly
$Location: -3281.445557, 218.571304, 7100.664551
$Orientation:
	-0.040628, -0.991665, 0.122272,
	0.312694, -0.128845, -0.941075,
	0.948985, 0.000000, 0.315322
$AI Behavior: None
+AI Class: Colonel
$Cargo 1:  XSTR("Nothing", -1)
+Initial Velocity: 33
+Initial Hull: 100
+Subsystem: Pilot
+Primary Banks: ( "Sehku" "Prometheus S" )
+Secondary Banks: ( "Trebuchet" "Tornado" )
$Arrival Location: Hyperspace
$Arrival Cue: ( false ) 
$Departure Location: Hyperspace
$Departure Cue: ( false ) 
$Determination: 10
+Flags: ( "cargo-known" )
+Flags2: ( )
+Respawn priority: 0
+Group: 0
+Use Table Score:
+Score: 10

$Name: Gamma 4		;! Object #48
$Class: GVF Tauret
$Team: Friendly
$Location: -3269.231445, 133.556488, 7112.475586
$Orientation:
	-0.040628, -0.991665, 0.122272,
	0.312694, -0.128845, -0.941075,
	0.948985, 0.000000, 0.315322
$AI Behavior: None
+AI Class: Colonel
$Cargo 1:  XSTR("Nothing", -1)
+Initial Velocity: 33
+Initial Hull: 100
+Subsystem: Pilot
+Primary Banks: ( "Sehku" "Prometheus S" )
+Secondary Banks: ( "Trebuchet" "Tornado" )
$Arrival Location: Hyperspace
$Arrival Cue: ( false ) 
$Departure Location: Hyperspace
$Departure Cue: ( false ) 
$Determination: 10
+Flags: ( "cargo-known" )
+Flags2: ( )
+Respawn priority: 0
+Group: 0
+Use Table Score:
+Score: 10

$Name: Espilon 1		;! Object #49
$Class: GVF Thoth
$Team: Friendly
$Location: -1058.250366, 249.122070, 4994.417969
$Orientation:
	1.000000, 0.000000, 0.000000,
	0.000000, 1.000000, 0.000000,
	0.000000, 0.000000, 1.000000
$AI Behavior: None
+AI Class: General
$Cargo 1:  XSTR("Nothing", -1)
+Initial Velocity: 33
+Initial Hull: 100
+Subsystem: Pilot
+Primary Banks: ( "Prometheus S" )
+Secondary Banks: ( "Tempest" )
$Arrival Location: Hyperspace
$Arrival Cue: ( false ) 
$Departure Location: Hyperspace
$Departure Cue: ( false ) 
$Determination: 10
+Flags: ( "cargo-known" )
+Flags2: ( )
+Respawn priority: 0
+Group: 0
+Use Table Score:
+Score: 10

$Name: Espilon 2		;! Object #50
$Class: GVF Thoth
$Team: Friendly
$Location: -1008.095642, 249.122116, 4920.538574
$Orientation:
	1.000000, 0.000000, 0.000000,
	0.000000, 1.000000, 0.000000,
	0.000000, 0.000000, 1.000000
$AI Behavior: None
+AI Class: General
$Cargo 1:  XSTR("Nothing", -1)
+Initial Velocity: 33
+Initial Hull: 100
+Subsystem: Pilot
+Primary Banks: ( "Prometheus S" )
+Secondary Banks: ( "Tempest" )
$Arrival Location: Hyperspace
$Arrival Cue: ( false ) 
$Departure Location: Hyperspace
$Departure Cue: ( false ) 
$Determination: 10
+Flags: ( "cargo-known" )
+Flags2: ( )
+Respawn priority: 0
+Group: 0
+Use Table Score:
+Score: 10

$Name: Espilon 3		;! Object #51
$Class: GVF Thoth
$Team: Friendly
$Location: -1075.632202, 249.122101, 4945.063965
$Orientation:
	1.000000, 0.000000, 0.000000,
	0.000000, 1.000000, 0.000000,
	0.000000, 0.000000, 1.000000
$AI Behavior: None
+AI Class: General
$Cargo 1:  XSTR("Nothing", -1)
+Initial Velocity: 33
+Initial Hull: 100
+Subsystem: Pilot
+Primary Banks: ( "Prometheus S" )
+Secondary Banks: ( "Tempest" )
$Arrival Location: Hyperspace
$Arrival Cue: ( false ) 
$Departure Location: Hyperspace
$Departure Cue: ( false ) 
$Determination: 10
+Flags: ( "cargo-known" )
+Flags2: ( )
+Respawn priority: 0
+Group: 0
+Use Table Score:
+Score: 10

